id,no answer,very important,quite important,not important,not at all important
0.0000,0.0011,0.8272,0.0996,0.0604,0.0117
1.0000,0.0060,0.0801,0.8404,0.0687,0.0047
2.0000,0.0102,0.1208,0.5432,0.3131,0.0126
3.0000,0.0302,0.0431,0.7374,0.1581,0.0311
4.0000,0.0039,0.3311,0.6062,0.0517,0.0070
5.0000,0.0004,0.7417,0.2230,0.0313,0.0036
6.0000,0.0011,0.6547,0.2745,0.0378,0.0320
7.0000,0.0058,0.0223,0.3353,0.4529,0.1837
8.0000,0.0061,0.5972,0.2860,0.0834,0.0274
9.0000,0.0028,0.8673,0.1008,0.0248,0.0043
10.0000,0.0050,0.4565,0.4109,0.0914,0.0361
11.0000,0.0069,0.0358,0.1061,0.4270,0.4242
12.0000,0.0006,0.8920,0.0965,0.0094,0.0015
13.0000,0.0021,0.2879,0.6728,0.0332,0.0039
14.0000,0.0009,0.1166,0.6003,0.2690,0.0132
15.0000,0.0050,0.4102,0.5552,0.0267,0.0029
16.0000,0.0028,0.8166,0.1574,0.0195,0.0036
17.0000,0.0050,0.0026,0.0587,0.8331,0.1006
18.0000,0.0116,0.2381,0.6814,0.0599,0.0090
19.0000,0.0020,0.4241,0.4745,0.0705,0.0288
20.0000,0.0559,0.0775,0.3662,0.3772,0.1231
21.0000,0.0007,0.9602,0.0349,0.0034,0.0007
22.0000,0.0127,0.1734,0.5684,0.2219,0.0236
23.0000,0.0041,0.3126,0.5648,0.1031,0.0154
24.0000,0.0059,0.4433,0.4778,0.0521,0.0209
25.0000,0.0013,0.2822,0.6054,0.1002,0.0109
26.0000,0.0694,0.5887,0.2401,0.0592,0.0427
27.0000,0.0069,0.0843,0.6344,0.2303,0.0441
28.0000,0.0023,0.2791,0.5457,0.1564,0.0165
29.0000,0.0287,0.1718,0.7050,0.0836,0.0108
30.0000,0.0057,0.0287,0.3235,0.4581,0.1840
31.0000,0.0016,0.5001,0.4554,0.0370,0.0059
32.0000,0.0005,0.9312,0.0602,0.0072,0.0009
33.0000,0.0042,0.2233,0.7112,0.0480,0.0133
34.0000,0.0031,0.6024,0.3691,0.0216,0.0038
35.0000,0.0042,0.0551,0.3210,0.1989,0.4208
36.0000,0.0028,0.5253,0.4393,0.0276,0.0049
37.0000,0.0017,0.8414,0.1285,0.0214,0.0070
38.0000,0.0008,0.3083,0.6316,0.0557,0.0036
39.0000,0.0019,0.3601,0.5661,0.0677,0.0042
40.0000,0.0009,0.6399,0.3384,0.0175,0.0032
41.0000,0.0047,0.0734,0.4480,0.2485,0.2254
42.0000,0.0030,0.3376,0.3830,0.1869,0.0895
43.0000,0.0018,0.3629,0.6022,0.0306,0.0026
44.0000,0.0025,0.5802,0.3721,0.0378,0.0074
45.0000,0.0060,0.1693,0.3626,0.4097,0.0525
46.0000,0.0009,0.5284,0.4455,0.0215,0.0037
47.0000,0.0009,0.5872,0.3644,0.0334,0.0141
48.0000,0.0023,0.7440,0.2093,0.0400,0.0044
49.0000,0.0071,0.8092,0.1425,0.0370,0.0041
50.0000,0.0011,0.8398,0.1324,0.0201,0.0066
51.0000,0.0009,0.6155,0.3122,0.0419,0.0295
52.0000,0.0012,0.2780,0.6816,0.0329,0.0064
53.0000,0.0063,0.0909,0.3389,0.5377,0.0263
54.0000,0.0019,0.1948,0.6529,0.1259,0.0245
55.0000,0.0012,0.4890,0.4837,0.0215,0.0046
56.0000,0.0122,0.2182,0.6846,0.0740,0.0110
57.0000,0.0024,0.3910,0.4658,0.1327,0.0083
58.0000,0.0032,0.2096,0.4990,0.2578,0.0305
59.0000,0.0026,0.6388,0.2997,0.0324,0.0265
60.0000,0.0008,0.8168,0.1641,0.0158,0.0024
61.0000,0.0057,0.0408,0.5528,0.3129,0.0878
62.0000,0.0025,0.0578,0.7389,0.1816,0.0192
63.0000,0.0058,0.3933,0.5380,0.0570,0.0059
64.0000,0.0042,0.6246,0.2730,0.0725,0.0258
65.0000,0.0124,0.2589,0.6740,0.0476,0.0071
66.0000,0.0126,0.1120,0.5247,0.3356,0.0151
67.0000,0.0030,0.6250,0.2261,0.1348,0.0111
68.0000,0.0041,0.3912,0.5649,0.0360,0.0037
69.0000,0.0058,0.1042,0.7430,0.1306,0.0165
70.0000,0.0029,0.4031,0.3539,0.1746,0.0655
71.0000,0.0036,0.4701,0.4432,0.0725,0.0106
72.0000,0.0015,0.8918,0.0894,0.0113,0.0061
73.0000,0.0062,0.1696,0.6279,0.1753,0.0210
74.0000,0.0014,0.7143,0.1950,0.0637,0.0257
75.0000,0.0020,0.7251,0.1673,0.0897,0.0159
76.0000,0.0009,0.9454,0.0484,0.0042,0.0011
77.0000,0.0040,0.2697,0.5469,0.1503,0.0291
78.0000,0.0066,0.6158,0.2702,0.0642,0.0432
79.0000,0.0062,0.3812,0.5740,0.0336,0.0050
80.0000,0.0046,0.5127,0.4168,0.0469,0.0190
81.0000,0.0014,0.5648,0.4095,0.0174,0.0069
82.0000,0.0019,0.2521,0.6436,0.0526,0.0498
83.0000,0.0680,0.2379,0.5482,0.0931,0.0527
84.0000,0.0168,0.2640,0.3014,0.2558,0.1619
85.0000,0.0005,0.6332,0.2963,0.0451,0.0248
86.0000,0.0018,0.7937,0.1629,0.0355,0.0062
87.0000,0.0012,0.6047,0.3765,0.0136,0.0040
88.0000,0.0028,0.0209,0.3533,0.5078,0.1151
89.0000,0.0045,0.1186,0.3502,0.4838,0.0428
90.0000,0.0027,0.4277,0.5305,0.0277,0.0115
91.0000,0.0013,0.1820,0.6127,0.1562,0.0478
92.0000,0.0044,0.1407,0.3925,0.4358,0.0265
93.0000,0.0121,0.1024,0.5727,0.2353,0.0775
94.0000,0.0018,0.6346,0.2995,0.0402,0.0239
95.0000,0.0023,0.4192,0.5483,0.0235,0.0067
96.0000,0.0045,0.0690,0.5352,0.2840,0.1073
97.0000,0.0020,0.6437,0.3094,0.0369,0.0080
98.0000,0.0054,0.0414,0.3339,0.5015,0.1179
99.0000,0.0009,0.5188,0.4432,0.0333,0.0039
100.0000,0.0017,0.7200,0.2597,0.0160,0.0026
101.0000,0.0025,0.1966,0.5504,0.2222,0.0284
102.0000,0.0105,0.2839,0.2597,0.2032,0.2426
103.0000,0.0104,0.0186,0.0915,0.4083,0.4712
104.0000,0.0080,0.0088,0.0583,0.6383,0.2866
105.0000,0.0005,0.9220,0.0714,0.0048,0.0014
106.0000,0.0077,0.1711,0.6098,0.1924,0.0191
107.0000,0.0020,0.8218,0.1541,0.0125,0.0095
108.0000,0.0022,0.7659,0.2046,0.0244,0.0028
109.0000,0.0031,0.5889,0.2659,0.1095,0.0326
110.0000,0.0006,0.2590,0.6265,0.0884,0.0255
111.0000,0.0012,0.8329,0.1493,0.0133,0.0033
112.0000,0.0039,0.2767,0.6677,0.0455,0.0062
113.0000,0.0020,0.1059,0.7487,0.1321,0.0113
114.0000,0.0036,0.3786,0.4512,0.1612,0.0054
115.0000,0.0009,0.7097,0.2566,0.0310,0.0018
116.0000,0.0056,0.0178,0.3951,0.4484,0.1331
117.0000,0.0040,0.0313,0.4396,0.4193,0.1059
118.0000,0.0008,0.4193,0.5329,0.0380,0.0090
119.0000,0.0055,0.0334,0.2783,0.3494,0.3333
120.0000,0.0018,0.7317,0.2579,0.0068,0.0018
121.0000,0.0063,0.3529,0.5768,0.0584,0.0056
122.0000,0.0037,0.0361,0.1775,0.3584,0.4244
123.0000,0.0065,0.0300,0.2575,0.5449,0.1611
124.0000,0.0028,0.1511,0.5819,0.2149,0.0494
125.0000,0.0011,0.7054,0.2323,0.0466,0.0146
126.0000,0.0053,0.0296,0.4751,0.4109,0.0791
127.0000,0.0031,0.4006,0.5638,0.0258,0.0066
128.0000,0.0023,0.7389,0.1961,0.0368,0.0259
129.0000,0.0037,0.0924,0.7789,0.1132,0.0117
130.0000,0.0014,0.0594,0.6314,0.2802,0.0276
131.0000,0.0024,0.0908,0.2086,0.2876,0.4105
132.0000,0.0030,0.7453,0.2342,0.0151,0.0023
133.0000,0.0037,0.0848,0.4216,0.4019,0.0880
134.0000,0.0053,0.3261,0.5389,0.0782,0.0515
135.0000,0.0046,0.4189,0.5258,0.0450,0.0056
136.0000,0.0257,0.1479,0.2483,0.2930,0.2851
137.0000,0.0026,0.2765,0.6631,0.0523,0.0056
138.0000,0.0035,0.2421,0.1139,0.3868,0.2538
139.0000,0.0045,0.1621,0.5604,0.2327,0.0404
140.0000,0.0101,0.3244,0.5505,0.0801,0.0349
141.0000,0.0040,0.1645,0.6033,0.2068,0.0214
142.0000,0.0014,0.5101,0.4520,0.0277,0.0088
143.0000,0.0071,0.2571,0.6164,0.0836,0.0358
144.0000,0.0034,0.5480,0.4044,0.0326,0.0115
145.0000,0.0286,0.0520,0.3404,0.3417,0.2373
146.0000,0.0019,0.2720,0.5582,0.1222,0.0458
147.0000,0.0339,0.2384,0.4959,0.2096,0.0221
148.0000,0.0054,0.0515,0.5632,0.3588,0.0211
149.0000,0.0031,0.4452,0.4583,0.0790,0.0143
150.0000,0.0663,0.1129,0.6016,0.1927,0.0265
151.0000,0.0050,0.0295,0.2221,0.3166,0.4267
152.0000,0.0007,0.9038,0.0798,0.0123,0.0034
153.0000,0.0008,0.6351,0.3329,0.0290,0.0022
154.0000,0.0010,0.8474,0.1428,0.0060,0.0027
155.0000,0.0088,0.0387,0.3660,0.3844,0.2020
156.0000,0.0038,0.2591,0.6580,0.0582,0.0209
157.0000,0.0004,0.8812,0.1097,0.0072,0.0015
158.0000,0.0118,0.1767,0.5707,0.2106,0.0302
159.0000,0.0069,0.0179,0.1875,0.5050,0.2827
160.0000,0.0307,0.2135,0.5860,0.1538,0.0160
161.0000,0.0006,0.9600,0.0343,0.0036,0.0016
162.0000,0.0114,0.0164,0.2153,0.2932,0.4637
163.0000,0.0037,0.4445,0.5162,0.0292,0.0065
164.0000,0.0061,0.2625,0.5491,0.1744,0.0079
165.0000,0.0011,0.3144,0.6422,0.0369,0.0054
166.0000,0.0036,0.5547,0.3474,0.0370,0.0574
167.0000,0.0005,0.8842,0.1066,0.0051,0.0036
168.0000,0.0013,0.3365,0.6003,0.0539,0.0080
169.0000,0.0026,0.4715,0.3268,0.1625,0.0366
170.0000,0.0018,0.6646,0.2866,0.0295,0.0175
171.0000,0.0005,0.4584,0.4757,0.0592,0.0062
172.0000,0.0006,0.0518,0.7370,0.2052,0.0053
173.0000,0.0028,0.1700,0.7278,0.0784,0.0210
174.0000,0.0038,0.0492,0.7900,0.1226,0.0345
175.0000,0.0147,0.1552,0.7077,0.1110,0.0114
176.0000,0.0021,0.0324,0.3339,0.4930,0.1385
177.0000,0.0086,0.1329,0.7604,0.0847,0.0135
178.0000,0.0009,0.9469,0.0442,0.0064,0.0016
179.0000,0.0029,0.4619,0.4130,0.1048,0.0173
180.0000,0.0033,0.2238,0.7115,0.0539,0.0075
181.0000,0.0020,0.1539,0.6227,0.2084,0.0130
182.0000,0.0028,0.8802,0.1072,0.0073,0.0025
183.0000,0.0014,0.4910,0.4663,0.0370,0.0043
184.0000,0.0029,0.0255,0.4063,0.4825,0.0828
185.0000,0.0023,0.3324,0.5745,0.0593,0.0315
186.0000,0.0007,0.8404,0.1454,0.0092,0.0044
187.0000,0.0019,0.5804,0.3968,0.0183,0.0027
188.0000,0.0127,0.1183,0.6625,0.1940,0.0125
189.0000,0.0011,0.8969,0.0696,0.0247,0.0077
190.0000,0.0047,0.0659,0.3024,0.5257,0.1012
191.0000,0.0023,0.5875,0.3790,0.0225,0.0086
192.0000,0.0160,0.1814,0.2875,0.2211,0.2940
193.0000,0.0042,0.0382,0.3570,0.4849,0.1157
194.0000,0.0011,0.6756,0.2198,0.0811,0.0224
195.0000,0.0070,0.0679,0.2945,0.5653,0.0652
196.0000,0.0019,0.3946,0.5713,0.0281,0.0041
197.0000,0.0008,0.9442,0.0492,0.0029,0.0028
198.0000,0.0042,0.0492,0.2111,0.6366,0.0989
199.0000,0.0004,0.5240,0.4362,0.0271,0.0123
200.0000,0.0243,0.1201,0.3982,0.3800,0.0774
201.0000,0.0040,0.0045,0.0771,0.2746,0.6399
202.0000,0.0135,0.4646,0.4643,0.0469,0.0108
203.0000,0.0019,0.7282,0.2506,0.0147,0.0046
204.0000,0.0023,0.8324,0.1363,0.0204,0.0087
205.0000,0.0023,0.1673,0.5367,0.2618,0.0319
206.0000,0.0020,0.4869,0.3134,0.1189,0.0788
207.0000,0.0015,0.4224,0.5625,0.0114,0.0022
208.0000,0.0043,0.2597,0.5133,0.1595,0.0633
209.0000,0.0013,0.1626,0.7497,0.0676,0.0188
210.0000,0.0028,0.6292,0.1849,0.1398,0.0434
211.0000,0.0013,0.1259,0.4893,0.2467,0.1369
212.0000,0.0045,0.0121,0.0809,0.7224,0.1802
213.0000,0.0055,0.2009,0.5447,0.2393,0.0096
214.0000,0.0047,0.1090,0.5506,0.3047,0.0309
215.0000,0.0067,0.2370,0.6770,0.0718,0.0075
216.0000,0.0016,0.0201,0.1120,0.6420,0.2243
217.0000,0.0010,0.8978,0.0936,0.0061,0.0014
218.0000,0.0009,0.8806,0.1044,0.0127,0.0014
219.0000,0.0012,0.6397,0.3350,0.0176,0.0065
220.0000,0.0089,0.0409,0.1310,0.5516,0.2676
221.0000,0.0012,0.8063,0.1477,0.0344,0.0104
222.0000,0.0023,0.1443,0.4526,0.2786,0.1223
223.0000,0.0008,0.7961,0.1745,0.0192,0.0094
224.0000,0.0076,0.0094,0.0686,0.4102,0.5042
225.0000,0.0021,0.1565,0.6801,0.1438,0.0176
226.0000,0.0048,0.2654,0.6178,0.0806,0.0314
227.0000,0.0044,0.3124,0.5886,0.0844,0.0103
228.0000,0.0825,0.7884,0.1022,0.0153,0.0115
229.0000,0.0007,0.5507,0.3635,0.0715,0.0136
230.0000,0.0037,0.1530,0.4167,0.2915,0.1351
231.0000,0.0033,0.1706,0.4626,0.3451,0.0183
232.0000,0.0006,0.8400,0.1326,0.0193,0.0075
233.0000,0.0082,0.1766,0.4435,0.1775,0.1942
234.0000,0.0015,0.0568,0.3354,0.4635,0.1428
235.0000,0.0016,0.0366,0.4696,0.4002,0.0920
236.0000,0.0025,0.0750,0.7699,0.1457,0.0069
237.0000,0.0003,0.9153,0.0765,0.0063,0.0015
238.0000,0.0026,0.0723,0.7058,0.2065,0.0127
239.0000,0.0015,0.6644,0.2582,0.0420,0.0339
240.0000,0.0035,0.0535,0.6123,0.3202,0.0105
241.0000,0.0250,0.4992,0.3832,0.0718,0.0209
242.0000,0.0024,0.7924,0.1948,0.0083,0.0021
243.0000,0.0017,0.3308,0.5753,0.0734,0.0188
244.0000,0.0012,0.8652,0.1077,0.0229,0.0029
245.0000,0.0022,0.4834,0.4555,0.0472,0.0117
246.0000,0.0003,0.9706,0.0199,0.0058,0.0034
247.0000,0.0085,0.6100,0.2089,0.1354,0.0373
248.0000,0.0047,0.5353,0.3704,0.0408,0.0488
249.0000,0.0031,0.0779,0.7695,0.1413,0.0081
250.0000,0.0054,0.2806,0.6853,0.0239,0.0049
251.0000,0.0068,0.7430,0.2324,0.0137,0.0042
252.0000,0.0023,0.5898,0.3901,0.0160,0.0018
253.0000,0.0021,0.4612,0.4396,0.0816,0.0155
254.0000,0.0121,0.1745,0.4253,0.2163,0.1718
255.0000,0.0029,0.5852,0.3152,0.0575,0.0392
256.0000,0.0016,0.8877,0.0752,0.0202,0.0152
257.0000,0.0153,0.0191,0.2057,0.3530,0.4070
258.0000,0.0010,0.8371,0.1444,0.0122,0.0054
259.0000,0.0021,0.8055,0.1458,0.0245,0.0221
260.0000,0.0033,0.0640,0.3026,0.3897,0.2403
261.0000,0.0016,0.6562,0.2527,0.0844,0.0051
262.0000,0.0068,0.4966,0.3895,0.0614,0.0456
263.0000,0.0107,0.0532,0.3992,0.3734,0.1636
264.0000,0.0077,0.0434,0.4865,0.2764,0.1860
265.0000,0.0028,0.0812,0.2650,0.4347,0.2163
266.0000,0.0014,0.1131,0.5830,0.2416,0.0609
267.0000,0.0043,0.3847,0.5689,0.0332,0.0089
268.0000,0.0009,0.4883,0.4716,0.0344,0.0047
269.0000,0.0008,0.5384,0.4357,0.0237,0.0014
270.0000,0.0027,0.3850,0.4924,0.0732,0.0468
271.0000,0.0014,0.6844,0.2342,0.0507,0.0293
272.0000,0.0011,0.6229,0.2961,0.0511,0.0289
273.0000,0.0084,0.3487,0.4777,0.1251,0.0401
274.0000,0.0067,0.0054,0.0984,0.6380,0.2516
275.0000,0.0023,0.6080,0.3366,0.0273,0.0257
276.0000,0.0017,0.7538,0.2362,0.0057,0.0027
277.0000,0.0010,0.6824,0.2934,0.0199,0.0034
278.0000,0.0010,0.4790,0.4695,0.0462,0.0043
279.0000,0.0075,0.4186,0.5112,0.0344,0.0283
280.0000,0.0009,0.8846,0.0777,0.0291,0.0076
281.0000,0.0133,0.2131,0.7180,0.0486,0.0071
282.0000,0.0040,0.0802,0.4158,0.2907,0.2092
283.0000,0.0082,0.5280,0.3023,0.1269,0.0345
284.0000,0.0012,0.5777,0.3810,0.0366,0.0034
285.0000,0.0045,0.1401,0.6665,0.1703,0.0186
286.0000,0.0023,0.7776,0.2128,0.0051,0.0021
287.0000,0.1407,0.4348,0.3725,0.0345,0.0175
288.0000,0.0012,0.0149,0.1524,0.4426,0.3889
289.0000,0.0020,0.1567,0.7418,0.0921,0.0073
290.0000,0.0093,0.1636,0.3894,0.3985,0.0392
291.0000,0.0062,0.0513,0.5748,0.2584,0.1093
292.0000,0.0159,0.0497,0.2591,0.3442,0.3311
293.0000,0.0076,0.7747,0.1730,0.0373,0.0074
294.0000,0.0050,0.1220,0.6726,0.1679,0.0324
295.0000,0.1160,0.0509,0.1332,0.1882,0.5117
296.0000,0.0033,0.3088,0.4202,0.1873,0.0804
297.0000,0.0031,0.8192,0.1417,0.0289,0.0070
298.0000,0.0235,0.1024,0.3838,0.4525,0.0379
299.0000,0.0035,0.2838,0.6509,0.0528,0.0090
300.0000,0.0078,0.1694,0.6483,0.1559,0.0185
301.0000,0.0040,0.0759,0.5382,0.3598,0.0220
302.0000,0.0817,0.0238,0.0619,0.1512,0.6814
303.0000,0.0019,0.0690,0.3813,0.5222,0.0255
304.0000,0.0029,0.0331,0.5108,0.3312,0.1220
305.0000,0.0022,0.4769,0.4316,0.0809,0.0084
306.0000,0.0011,0.5462,0.4117,0.0252,0.0158
307.0000,0.0004,0.9548,0.0309,0.0108,0.0030
308.0000,0.0004,0.9257,0.0668,0.0061,0.0010
309.0000,0.0022,0.3673,0.5804,0.0449,0.0052
310.0000,0.0078,0.0315,0.5369,0.3968,0.0269
311.0000,0.0022,0.7153,0.2542,0.0232,0.0052
312.0000,0.0047,0.3076,0.5963,0.0764,0.0151
313.0000,0.0795,0.2915,0.4861,0.1275,0.0153
314.0000,0.0027,0.3821,0.5063,0.0953,0.0136
315.0000,0.0051,0.3571,0.3424,0.2137,0.0817
316.0000,0.0042,0.8487,0.1348,0.0101,0.0022
317.0000,0.0052,0.0888,0.7586,0.1266,0.0207
318.0000,0.0023,0.5375,0.4420,0.0159,0.0023
319.0000,0.0093,0.2108,0.5679,0.1680,0.0440
320.0000,0.0051,0.2791,0.6673,0.0431,0.0054
321.0000,0.0025,0.2086,0.6122,0.1565,0.0202
322.0000,0.0026,0.1815,0.7656,0.0460,0.0044
323.0000,0.0006,0.6394,0.2835,0.0618,0.0147
324.0000,0.0519,0.1035,0.4762,0.3323,0.0361
325.0000,0.0007,0.4907,0.4454,0.0480,0.0151
326.0000,0.0035,0.7965,0.1561,0.0192,0.0247
327.0000,0.0019,0.7828,0.1698,0.0429,0.0025
328.0000,0.0080,0.4261,0.5001,0.0455,0.0203
329.0000,0.0054,0.1946,0.7329,0.0610,0.0061
330.0000,0.0010,0.8073,0.1651,0.0235,0.0032
331.0000,0.0058,0.2424,0.5579,0.1238,0.0701
332.0000,0.0015,0.3354,0.6012,0.0583,0.0036
333.0000,0.0030,0.4835,0.4447,0.0647,0.0041
334.0000,0.0053,0.0050,0.0440,0.5984,0.3473
335.0000,0.0017,0.5835,0.3913,0.0171,0.0064
336.0000,0.0039,0.5182,0.4409,0.0319,0.0050
337.0000,0.0017,0.4980,0.4724,0.0247,0.0031
338.0000,0.0066,0.1994,0.6898,0.0988,0.0054
339.0000,0.0034,0.8111,0.1481,0.0259,0.0114
340.0000,0.0074,0.2562,0.6282,0.0956,0.0127
341.0000,0.0024,0.3421,0.6113,0.0391,0.0052
342.0000,0.0013,0.9038,0.0852,0.0077,0.0019
343.0000,0.0056,0.4698,0.4205,0.0840,0.0202
344.0000,0.0018,0.6523,0.2955,0.0365,0.0139
345.0000,0.0044,0.1351,0.6769,0.1722,0.0113
346.0000,0.0057,0.4574,0.2982,0.2046,0.0341
347.0000,0.0049,0.0039,0.0237,0.1842,0.7833
348.0000,0.0015,0.7745,0.1898,0.0175,0.0167
349.0000,0.0013,0.1791,0.6676,0.1465,0.0055
350.0000,0.0144,0.5627,0.3146,0.0835,0.0248
351.0000,0.0024,0.0771,0.6081,0.2548,0.0576
352.0000,0.0013,0.5985,0.3485,0.0453,0.0064
353.0000,0.0017,0.5823,0.3849,0.0267,0.0044
354.0000,0.0027,0.0054,0.0405,0.2634,0.6880
355.0000,0.0028,0.4523,0.4401,0.0964,0.0084
356.0000,0.0245,0.0280,0.4695,0.3611,0.1169
357.0000,0.0073,0.7014,0.2238,0.0431,0.0244
358.0000,0.0014,0.8062,0.1565,0.0314,0.0045
359.0000,0.0019,0.8848,0.1024,0.0079,0.0030
360.0000,0.0008,0.9195,0.0701,0.0085,0.0010
361.0000,0.0025,0.8746,0.1110,0.0105,0.0015
362.0000,0.0430,0.4098,0.4547,0.0712,0.0212
363.0000,0.0004,0.9244,0.0687,0.0054,0.0011
364.0000,0.0049,0.1033,0.6184,0.2213,0.0521
365.0000,0.0009,0.7680,0.2230,0.0070,0.0010
366.0000,0.0083,0.3789,0.5496,0.0506,0.0126
367.0000,0.0031,0.0125,0.1260,0.2846,0.5739
368.0000,0.0016,0.5744,0.3807,0.0343,0.0091
369.0000,0.0013,0.8824,0.1067,0.0078,0.0017
370.0000,0.0032,0.3407,0.5376,0.0792,0.0393
371.0000,0.0052,0.3056,0.5189,0.1580,0.0122
372.0000,0.0034,0.8243,0.1056,0.0509,0.0158
373.0000,0.0043,0.6911,0.2385,0.0577,0.0085
374.0000,0.0035,0.6026,0.2038,0.1558,0.0343
375.0000,0.0166,0.2086,0.2844,0.2293,0.2611
376.0000,0.0072,0.1116,0.5760,0.2881,0.0170
377.0000,0.0065,0.3859,0.5819,0.0212,0.0044
378.0000,0.0018,0.0793,0.7217,0.1452,0.0519
379.0000,0.0055,0.0950,0.7151,0.1588,0.0257
380.0000,0.0048,0.0353,0.5210,0.3220,0.1169
381.0000,0.0052,0.1757,0.7662,0.0465,0.0064
382.0000,0.0339,0.0971,0.5192,0.3063,0.0434
383.0000,0.0027,0.3603,0.5761,0.0499,0.0110
384.0000,0.0170,0.0682,0.3333,0.5203,0.0612
385.0000,0.0009,0.8224,0.1405,0.0299,0.0063
386.0000,0.0042,0.0325,0.5070,0.2530,0.2033
387.0000,0.0086,0.0408,0.3396,0.4493,0.1617
388.0000,0.0054,0.0177,0.5786,0.3402,0.0582
389.0000,0.0049,0.0603,0.5893,0.2694,0.0761
390.0000,0.0130,0.0821,0.7852,0.1028,0.0169
391.0000,0.0055,0.3541,0.2167,0.2105,0.2132
392.0000,0.0170,0.0493,0.5306,0.3903,0.0128
393.0000,0.0019,0.1655,0.5800,0.2303,0.0223
394.0000,0.0006,0.7486,0.2388,0.0098,0.0023
395.0000,0.0028,0.0281,0.1200,0.4088,0.4404
396.0000,0.0019,0.7005,0.2434,0.0345,0.0196
397.0000,0.0019,0.5478,0.3558,0.0636,0.0308
398.0000,0.0006,0.7654,0.2197,0.0109,0.0035
399.0000,0.0028,0.1319,0.3200,0.2608,0.2845
400.0000,0.0017,0.5221,0.4267,0.0271,0.0225
401.0000,0.0016,0.2631,0.5536,0.1486,0.0332
402.0000,0.0009,0.5422,0.4187,0.0253,0.0129
403.0000,0.0026,0.3096,0.6414,0.0395,0.0070
404.0000,0.0008,0.6212,0.2659,0.0756,0.0365
405.0000,0.0019,0.3726,0.5176,0.0507,0.0571
406.0000,0.0021,0.4278,0.4731,0.0898,0.0071
407.0000,0.0024,0.3261,0.4992,0.1603,0.0120
408.0000,0.0032,0.0412,0.3063,0.6021,0.0472
409.0000,0.0057,0.1628,0.7875,0.0406,0.0034
410.0000,0.0005,0.8490,0.1383,0.0072,0.0049
411.0000,0.0014,0.7301,0.2009,0.0265,0.0411
412.0000,0.0195,0.0279,0.0679,0.6024,0.2823
413.0000,0.0004,0.8678,0.1106,0.0172,0.0040
414.0000,0.0027,0.1051,0.4354,0.3924,0.0644
415.0000,0.0135,0.2101,0.3261,0.1985,0.2518
416.0000,0.0022,0.3169,0.6090,0.0583,0.0137
417.0000,0.0029,0.0942,0.3369,0.5373,0.0287
418.0000,0.0005,0.8171,0.1565,0.0149,0.0110
419.0000,0.0209,0.0522,0.4753,0.3771,0.0746
420.0000,0.0011,0.2542,0.5206,0.1371,0.0870
421.0000,0.0018,0.2528,0.5311,0.1378,0.0765
422.0000,0.0021,0.1432,0.7108,0.1309,0.0130
423.0000,0.0016,0.3964,0.5765,0.0234,0.0022
424.0000,0.0079,0.2303,0.5051,0.2487,0.0081
425.0000,0.0664,0.2644,0.3247,0.3089,0.0355
426.0000,0.0010,0.4890,0.3800,0.0940,0.0360
427.0000,0.0023,0.4017,0.5511,0.0388,0.0061
428.0000,0.0010,0.5246,0.4425,0.0276,0.0043
429.0000,0.0054,0.1895,0.2847,0.3414,0.1790
430.0000,0.0012,0.7532,0.2129,0.0214,0.0114
431.0000,0.0008,0.7480,0.1972,0.0350,0.0190
432.0000,0.0035,0.0148,0.7201,0.2301,0.0315
433.0000,0.0241,0.1202,0.3308,0.1530,0.3718
434.0000,0.0009,0.9152,0.0739,0.0080,0.0018
435.0000,0.0106,0.2524,0.6203,0.1037,0.0130
436.0000,0.0075,0.2650,0.6158,0.0975,0.0142
437.0000,0.0079,0.0144,0.0862,0.1563,0.7353
438.0000,0.0042,0.6504,0.3123,0.0273,0.0058
439.0000,0.0018,0.2460,0.3520,0.2434,0.1567
440.0000,0.0019,0.4048,0.4068,0.1639,0.0227
441.0000,0.0014,0.3133,0.6042,0.0742,0.0069
442.0000,0.0063,0.0741,0.4033,0.3480,0.1682
443.0000,0.0027,0.3611,0.6118,0.0203,0.0040
444.0000,0.0093,0.3583,0.4882,0.1360,0.0082
445.0000,0.0025,0.5568,0.4074,0.0263,0.0071
446.0000,0.0014,0.6124,0.3226,0.0357,0.0278
447.0000,0.0321,0.0120,0.1758,0.7054,0.0747
448.0000,0.0152,0.0079,0.2610,0.4627,0.2531
449.0000,0.0071,0.5174,0.4153,0.0502,0.0100
450.0000,0.0014,0.4332,0.5124,0.0217,0.0312
451.0000,0.0004,0.7238,0.2425,0.0196,0.0137
452.0000,0.0067,0.0536,0.6649,0.2236,0.0512
453.0000,0.0032,0.1368,0.7661,0.0885,0.0054
454.0000,0.0013,0.1866,0.6721,0.1169,0.0232
455.0000,0.0032,0.3294,0.4067,0.1520,0.1087
456.0000,0.0028,0.5685,0.3339,0.0688,0.0259
457.0000,0.0052,0.4030,0.5591,0.0271,0.0056
458.0000,0.0106,0.1300,0.6335,0.2156,0.0103
459.0000,0.0007,0.7710,0.1849,0.0242,0.0192
460.0000,0.0030,0.3801,0.4414,0.0936,0.0819
461.0000,0.0047,0.0800,0.6420,0.2228,0.0506
462.0000,0.0009,0.7086,0.2740,0.0136,0.0030
463.0000,0.0024,0.4147,0.5629,0.0138,0.0062
464.0000,0.0012,0.4825,0.4207,0.0683,0.0273
465.0000,0.0010,0.3322,0.3843,0.2004,0.0821
466.0000,0.0035,0.4770,0.4866,0.0220,0.0109
467.0000,0.0003,0.4495,0.5126,0.0324,0.0052
468.0000,0.0063,0.1610,0.6580,0.1604,0.0144
469.0000,0.0013,0.7425,0.2448,0.0086,0.0028
470.0000,0.0041,0.3710,0.5859,0.0326,0.0065
471.0000,0.0026,0.0107,0.0737,0.5086,0.4045
472.0000,0.0006,0.6795,0.2882,0.0239,0.0079
473.0000,0.0019,0.5229,0.3100,0.0951,0.0701
474.0000,0.0027,0.1586,0.7295,0.1039,0.0053
475.0000,0.0016,0.3117,0.6350,0.0410,0.0107
476.0000,0.0007,0.9480,0.0434,0.0053,0.0025
477.0000,0.0022,0.0612,0.7112,0.2099,0.0156
478.0000,0.0006,0.9304,0.0538,0.0111,0.0042
479.0000,0.0052,0.1567,0.7248,0.0889,0.0245
480.0000,0.0026,0.0481,0.4036,0.5101,0.0356
481.0000,0.0035,0.1478,0.6620,0.1652,0.0214
482.0000,0.0118,0.2336,0.6620,0.0792,0.0134
483.0000,0.0012,0.5413,0.4052,0.0331,0.0191
484.0000,0.0039,0.0051,0.0551,0.2110,0.7250
485.0000,0.0009,0.5626,0.4187,0.0118,0.0060
486.0000,0.0083,0.5449,0.3399,0.0915,0.0154
487.0000,0.0015,0.5761,0.3894,0.0295,0.0034
488.0000,0.0081,0.2473,0.6618,0.0682,0.0147
489.0000,0.0034,0.6961,0.2733,0.0238,0.0034
490.0000,0.0024,0.9280,0.0608,0.0075,0.0013
491.0000,0.0035,0.4324,0.5382,0.0199,0.0059
492.0000,0.0026,0.2285,0.6245,0.1369,0.0076
493.0000,0.0134,0.1619,0.3717,0.3422,0.1108
494.0000,0.0270,0.0472,0.1334,0.5677,0.2248
495.0000,0.0117,0.0317,0.3946,0.5060,0.0560
496.0000,0.0033,0.1450,0.6491,0.1807,0.0218
497.0000,0.0020,0.4765,0.4452,0.0666,0.0096
498.0000,0.0009,0.8778,0.0962,0.0172,0.0079
499.0000,0.0097,0.2866,0.6390,0.0542,0.0106
500.0000,0.0165,0.1027,0.5381,0.3325,0.0103
501.0000,0.0020,0.6562,0.3226,0.0162,0.0029
502.0000,0.0078,0.0466,0.5602,0.3602,0.0251
503.0000,0.0741,0.0385,0.5521,0.3171,0.0183
504.0000,0.0015,0.5594,0.4144,0.0183,0.0063
505.0000,0.0036,0.3937,0.5477,0.0486,0.0064
506.0000,0.0035,0.3379,0.5925,0.0625,0.0037
507.0000,0.0031,0.8135,0.1530,0.0274,0.0029
508.0000,0.0025,0.7250,0.2175,0.0407,0.0143
509.0000,0.0027,0.6052,0.3607,0.0282,0.0032
510.0000,0.0110,0.4500,0.3295,0.1451,0.0643
511.0000,0.0033,0.6619,0.2994,0.0324,0.0030
512.0000,0.0155,0.0884,0.5603,0.2480,0.0878
513.0000,0.0021,0.3572,0.5996,0.0340,0.0072
514.0000,0.0028,0.2962,0.5221,0.1475,0.0313
515.0000,0.0053,0.0373,0.2622,0.2542,0.4410
516.0000,0.0024,0.4732,0.4619,0.0528,0.0096
517.0000,0.0021,0.1387,0.8220,0.0328,0.0043
518.0000,0.0017,0.7167,0.2504,0.0273,0.0039
519.0000,0.0026,0.7135,0.2640,0.0153,0.0045
520.0000,0.0068,0.3031,0.5637,0.1154,0.0110
521.0000,0.0042,0.1641,0.7757,0.0509,0.0050
522.0000,0.0024,0.6000,0.3838,0.0121,0.0017
523.0000,0.0058,0.3976,0.5553,0.0293,0.0120
524.0000,0.0139,0.2181,0.5149,0.2426,0.0105
525.0000,0.0136,0.4933,0.2506,0.1970,0.0455
526.0000,0.0010,0.6956,0.2941,0.0071,0.0022
527.0000,0.0032,0.3008,0.6346,0.0544,0.0070
528.0000,0.0051,0.2999,0.4935,0.1914,0.0101
529.0000,0.0855,0.0113,0.0783,0.1976,0.6272
530.0000,0.0018,0.0917,0.6827,0.1958,0.0280
531.0000,0.0029,0.0729,0.5240,0.3063,0.0939
532.0000,0.0055,0.4052,0.5345,0.0407,0.0141
533.0000,0.0040,0.4374,0.5407,0.0141,0.0038
534.0000,0.0069,0.2807,0.4417,0.1884,0.0823
535.0000,0.0053,0.4098,0.5559,0.0248,0.0043
536.0000,0.0011,0.8329,0.1565,0.0076,0.0018
537.0000,0.0033,0.6818,0.2950,0.0161,0.0038
538.0000,0.0086,0.3087,0.6195,0.0570,0.0062
539.0000,0.0070,0.6739,0.2695,0.0448,0.0047
540.0000,0.0022,0.6600,0.2878,0.0262,0.0238
541.0000,0.0024,0.3487,0.5367,0.0900,0.0222
542.0000,0.0023,0.0479,0.5602,0.3143,0.0753
543.0000,0.0224,0.0820,0.4285,0.3055,0.1616
544.0000,0.0009,0.3255,0.5900,0.0746,0.0091
545.0000,0.0020,0.5195,0.4594,0.0160,0.0030
546.0000,0.0056,0.0296,0.3998,0.3888,0.1762
547.0000,0.0084,0.2792,0.2581,0.3597,0.0946
548.0000,0.0018,0.6057,0.3783,0.0123,0.0019
549.0000,0.0266,0.0494,0.1861,0.4989,0.2390
550.0000,0.0207,0.0064,0.0775,0.7515,0.1438
551.0000,0.0052,0.3313,0.6387,0.0225,0.0023
552.0000,0.0010,0.6164,0.3711,0.0098,0.0016
553.0000,0.0137,0.0976,0.6817,0.1944,0.0126
554.0000,0.0052,0.3851,0.4249,0.1661,0.0187
555.0000,0.0120,0.3241,0.4675,0.1454,0.0510
556.0000,0.0034,0.7728,0.1906,0.0291,0.0041
557.0000,0.0035,0.4440,0.4786,0.0626,0.0114
558.0000,0.0031,0.1951,0.7062,0.0817,0.0139
559.0000,0.0485,0.0832,0.2777,0.5317,0.0588
560.0000,0.0005,0.8751,0.1132,0.0099,0.0013
561.0000,0.0081,0.1300,0.7918,0.0632,0.0068
562.0000,0.0051,0.2590,0.6573,0.0667,0.0118
563.0000,0.0030,0.3400,0.6036,0.0477,0.0056
564.0000,0.0008,0.8395,0.1508,0.0071,0.0018
565.0000,0.0014,0.9158,0.0767,0.0050,0.0012
566.0000,0.0008,0.9150,0.0802,0.0031,0.0009
567.0000,0.0043,0.6500,0.2447,0.0588,0.0422
568.0000,0.0021,0.7393,0.2411,0.0141,0.0034
569.0000,0.0019,0.8728,0.1183,0.0059,0.0012
570.0000,0.0005,0.9127,0.0724,0.0126,0.0018
571.0000,0.0017,0.3592,0.6080,0.0264,0.0047
572.0000,0.0017,0.6041,0.3507,0.0332,0.0102
573.0000,0.0049,0.4229,0.5275,0.0337,0.0111
574.0000,0.0020,0.4574,0.4345,0.0808,0.0253
575.0000,0.0041,0.2136,0.6753,0.0953,0.0117
576.0000,0.0011,0.5862,0.3484,0.0568,0.0075
577.0000,0.0014,0.8690,0.1148,0.0132,0.0016
578.0000,0.0018,0.2639,0.6481,0.0709,0.0154
579.0000,0.0025,0.0159,0.2824,0.6131,0.0862
580.0000,0.0021,0.1275,0.3124,0.5168,0.0413
581.0000,0.0126,0.5214,0.2842,0.1332,0.0487
582.0000,0.0063,0.5528,0.1915,0.1197,0.1298
583.0000,0.0062,0.2484,0.6618,0.0738,0.0097
584.0000,0.0049,0.1864,0.5043,0.2867,0.0177
585.0000,0.0057,0.0225,0.4382,0.4979,0.0358
586.0000,0.0139,0.3319,0.5510,0.0940,0.0092
587.0000,0.0025,0.5200,0.3775,0.0322,0.0679
588.0000,0.0007,0.9244,0.0638,0.0094,0.0016
589.0000,0.0012,0.5840,0.4004,0.0115,0.0028
590.0000,0.0018,0.0098,0.0326,0.1073,0.8485
591.0000,0.0013,0.5440,0.2280,0.0894,0.1372
592.0000,0.0031,0.1045,0.5750,0.2529,0.0646
593.0000,0.0014,0.5779,0.3271,0.0505,0.0432
594.0000,0.0054,0.1066,0.3904,0.4706,0.0269
595.0000,0.0205,0.3138,0.4828,0.1586,0.0243
596.0000,0.0250,0.2202,0.4319,0.1821,0.1409
597.0000,0.0006,0.8977,0.0913,0.0081,0.0023
598.0000,0.0121,0.0394,0.2362,0.3284,0.3839
599.0000,0.0068,0.0262,0.4395,0.4515,0.0759
600.0000,0.0022,0.3686,0.5773,0.0428,0.0091
601.0000,0.0180,0.2505,0.6419,0.0678,0.0218
602.0000,0.0033,0.3620,0.5054,0.0873,0.0421
603.0000,0.0038,0.2206,0.5258,0.1688,0.0811
604.0000,0.0030,0.5536,0.4273,0.0136,0.0024
605.0000,0.2199,0.1281,0.3442,0.2323,0.0754
606.0000,0.0443,0.1612,0.2367,0.4797,0.0781
607.0000,0.0048,0.8145,0.1190,0.0467,0.0150
608.0000,0.0019,0.5425,0.4034,0.0470,0.0052
609.0000,0.0025,0.6229,0.3390,0.0226,0.0130
610.0000,0.0018,0.7639,0.1862,0.0410,0.0070
611.0000,0.0014,0.5894,0.3861,0.0185,0.0046
612.0000,0.0008,0.7195,0.2598,0.0146,0.0054
613.0000,0.0289,0.3180,0.4882,0.1015,0.0634
614.0000,0.0064,0.1141,0.5683,0.2870,0.0243
615.0000,0.0008,0.8938,0.0956,0.0084,0.0014
616.0000,0.0021,0.1308,0.5738,0.2778,0.0156
617.0000,0.0031,0.2344,0.4363,0.1507,0.1756
618.0000,0.0006,0.9253,0.0640,0.0090,0.0011
619.0000,0.0032,0.1158,0.6658,0.2053,0.0100
620.0000,0.0065,0.0488,0.5488,0.2800,0.1160
621.0000,0.0006,0.8883,0.0956,0.0136,0.0019
622.0000,0.0047,0.3643,0.6005,0.0279,0.0026
623.0000,0.0018,0.3401,0.5849,0.0579,0.0153
624.0000,0.0015,0.8078,0.1549,0.0304,0.0054
625.0000,0.0009,0.7384,0.2397,0.0191,0.0019
626.0000,0.0010,0.3311,0.5634,0.0963,0.0081
627.0000,0.0020,0.4753,0.2265,0.2085,0.0876
628.0000,0.0011,0.6036,0.3759,0.0176,0.0017
629.0000,0.0018,0.6812,0.2948,0.0189,0.0032
630.0000,0.0036,0.2778,0.6302,0.0760,0.0124
631.0000,0.0012,0.1738,0.7660,0.0528,0.0062
632.0000,0.0018,0.6397,0.3315,0.0241,0.0029
633.0000,0.0024,0.1513,0.6605,0.1701,0.0158
634.0000,0.0186,0.3397,0.5832,0.0530,0.0055
635.0000,0.0021,0.3877,0.5808,0.0251,0.0042
636.0000,0.0050,0.3852,0.5820,0.0217,0.0061
637.0000,0.0006,0.8819,0.0872,0.0238,0.0064
638.0000,0.0032,0.7343,0.2221,0.0329,0.0075
639.0000,0.0035,0.2485,0.6483,0.0906,0.0091
640.0000,0.0026,0.3267,0.6339,0.0329,0.0039
641.0000,0.0105,0.1710,0.6958,0.1115,0.0112
642.0000,0.0070,0.3964,0.5354,0.0550,0.0062
643.0000,0.0012,0.6515,0.3195,0.0246,0.0032
644.0000,0.0023,0.5253,0.4602,0.0095,0.0028
645.0000,0.0012,0.8641,0.1189,0.0129,0.0028
646.0000,0.0035,0.0253,0.1233,0.7510,0.0969
647.0000,0.0012,0.8968,0.0918,0.0090,0.0012
648.0000,0.0033,0.3546,0.5832,0.0526,0.0062
649.0000,0.0069,0.3668,0.5639,0.0578,0.0046
650.0000,0.0052,0.0481,0.4447,0.4447,0.0573
651.0000,0.0019,0.5484,0.4307,0.0165,0.0025
652.0000,0.0310,0.4833,0.2459,0.1771,0.0628
653.0000,0.0029,0.7847,0.1650,0.0283,0.0191
654.0000,0.0030,0.8360,0.1421,0.0168,0.0020
655.0000,0.0033,0.2094,0.5836,0.1338,0.0699
656.0000,0.0202,0.0403,0.4106,0.3472,0.1816
657.0000,0.0014,0.6486,0.3330,0.0145,0.0025
658.0000,0.0036,0.3479,0.6075,0.0343,0.0067
659.0000,0.0050,0.4541,0.4888,0.0468,0.0053
660.0000,0.0007,0.7270,0.2584,0.0117,0.0022
661.0000,0.0015,0.4520,0.4978,0.0406,0.0081
662.0000,0.0028,0.2410,0.6960,0.0554,0.0048
663.0000,0.0039,0.3545,0.5764,0.0559,0.0094
664.0000,0.0009,0.9286,0.0617,0.0069,0.0019
665.0000,0.0021,0.3592,0.5878,0.0467,0.0042
666.0000,0.0005,0.8787,0.1101,0.0089,0.0018
667.0000,0.0029,0.8353,0.1419,0.0171,0.0028
668.0000,0.0015,0.5475,0.3873,0.0533,0.0104
669.0000,0.0057,0.2499,0.6066,0.1287,0.0091
670.0000,0.0008,0.6516,0.3155,0.0299,0.0022
671.0000,0.0036,0.6488,0.3104,0.0318,0.0054
672.0000,0.0036,0.2041,0.5989,0.1758,0.0176
673.0000,0.0024,0.5611,0.3903,0.0333,0.0129
674.0000,0.0050,0.4665,0.4038,0.1020,0.0227
675.0000,0.0026,0.0538,0.4193,0.2943,0.2300
676.0000,0.0004,0.9231,0.0690,0.0066,0.0009
677.0000,0.0065,0.5037,0.4682,0.0182,0.0034
678.0000,0.0080,0.0976,0.7239,0.1556,0.0150
679.0000,0.0089,0.7207,0.1795,0.0738,0.0171
680.0000,0.0019,0.4652,0.3731,0.1427,0.0171
681.0000,0.0468,0.0969,0.6376,0.1904,0.0282
682.0000,0.0025,0.5796,0.3283,0.0525,0.0372
683.0000,0.0010,0.4990,0.4120,0.0626,0.0253
684.0000,0.0042,0.1505,0.7695,0.0716,0.0042
685.0000,0.0025,0.3729,0.6017,0.0193,0.0036
686.0000,0.0028,0.3263,0.4908,0.1177,0.0624
687.0000,0.0009,0.6178,0.3568,0.0223,0.0022
688.0000,0.0207,0.0835,0.5119,0.2332,0.1508
689.0000,0.0031,0.7173,0.2491,0.0260,0.0044
690.0000,0.0006,0.8798,0.1103,0.0080,0.0013
691.0000,0.0027,0.4785,0.4902,0.0223,0.0063
692.0000,0.4164,0.0409,0.3955,0.1142,0.0330
693.0000,0.0022,0.8018,0.1569,0.0347,0.0044
694.0000,0.0121,0.0861,0.2719,0.3448,0.2851
695.0000,0.0022,0.5026,0.4640,0.0266,0.0046
696.0000,0.0007,0.7257,0.2579,0.0141,0.0016
697.0000,0.0019,0.0179,0.0392,0.2314,0.7097
698.0000,0.0025,0.3714,0.5305,0.0900,0.0057
699.0000,0.0044,0.3566,0.4229,0.1833,0.0328
700.0000,0.0018,0.3702,0.5334,0.0817,0.0130
701.0000,0.0015,0.8039,0.1485,0.0416,0.0046
702.0000,0.0015,0.8718,0.1096,0.0152,0.0019
703.0000,0.0008,0.3626,0.5418,0.0786,0.0163
704.0000,0.0027,0.3543,0.6125,0.0251,0.0054
705.0000,0.0020,0.6663,0.3010,0.0259,0.0049
706.0000,0.0145,0.1493,0.5774,0.1716,0.0872
707.0000,0.0031,0.5492,0.3365,0.0879,0.0233
708.0000,0.0045,0.4142,0.5228,0.0501,0.0084
709.0000,0.0109,0.0390,0.4256,0.3301,0.1943
710.0000,0.0025,0.2103,0.3593,0.4005,0.0274
711.0000,0.0013,0.5726,0.4130,0.0110,0.0021
712.0000,0.0045,0.2679,0.6495,0.0717,0.0065
713.0000,0.0012,0.1129,0.1514,0.3420,0.3925
714.0000,0.0034,0.1285,0.6744,0.1413,0.0522
715.0000,0.0011,0.7240,0.2655,0.0080,0.0015
716.0000,0.0009,0.2785,0.6559,0.0606,0.0041
717.0000,0.0050,0.0174,0.1584,0.7139,0.1052
718.0000,0.0054,0.5579,0.3764,0.0518,0.0086
719.0000,0.0007,0.7799,0.1830,0.0295,0.0069
720.0000,0.0039,0.6930,0.2790,0.0203,0.0038
721.0000,0.0008,0.3932,0.5744,0.0209,0.0107
722.0000,0.0009,0.6515,0.3274,0.0147,0.0054
723.0000,0.0063,0.3293,0.6201,0.0374,0.0069
724.0000,0.0071,0.0520,0.3246,0.5548,0.0615
725.0000,0.0028,0.3712,0.6023,0.0149,0.0088
726.0000,0.0071,0.1075,0.2376,0.5281,0.1197
727.0000,0.0031,0.0537,0.6955,0.2368,0.0110
728.0000,0.0034,0.3122,0.5464,0.1144,0.0237
729.0000,0.0041,0.3817,0.5630,0.0459,0.0053
730.0000,0.0017,0.4304,0.5098,0.0548,0.0033
731.0000,0.0034,0.5230,0.3749,0.0758,0.0229
732.0000,0.0016,0.3789,0.5770,0.0347,0.0078
733.0000,0.0011,0.0056,0.0154,0.1314,0.8465
734.0000,0.0048,0.1784,0.6122,0.1459,0.0587
735.0000,0.0005,0.0614,0.4967,0.4254,0.0160
736.0000,0.0053,0.0504,0.5617,0.3451,0.0377
737.0000,0.0048,0.2488,0.6653,0.0712,0.0100
738.0000,0.0026,0.0848,0.5001,0.3596,0.0530
739.0000,0.0039,0.1634,0.4833,0.2956,0.0538
740.0000,0.0012,0.1042,0.5674,0.3065,0.0208
741.0000,0.0053,0.0685,0.6196,0.2651,0.0416
742.0000,0.0018,0.0174,0.2584,0.5814,0.1411
743.0000,0.0016,0.4928,0.4311,0.0642,0.0102
744.0000,0.0016,0.1523,0.6104,0.1836,0.0521
745.0000,0.0118,0.3415,0.4367,0.1984,0.0117
746.0000,0.0019,0.8063,0.1637,0.0222,0.0060
747.0000,0.0021,0.4612,0.4925,0.0354,0.0088
748.0000,0.0092,0.2511,0.6515,0.0587,0.0294
749.0000,0.0022,0.7681,0.2114,0.0145,0.0038
750.0000,0.0002,0.7972,0.1909,0.0091,0.0026
751.0000,0.0013,0.4754,0.4597,0.0569,0.0067
752.0000,0.0007,0.7544,0.2231,0.0187,0.0031
753.0000,0.0219,0.3613,0.3621,0.2321,0.0226
754.0000,0.0023,0.0481,0.6766,0.2219,0.0511
755.0000,0.0006,0.3445,0.5685,0.0744,0.0120
756.0000,0.0010,0.6326,0.3067,0.0491,0.0106
757.0000,0.0015,0.5730,0.3749,0.0453,0.0053
758.0000,0.0018,0.3885,0.5181,0.0669,0.0247
759.0000,0.0032,0.0025,0.0455,0.5151,0.4336
760.0000,0.0019,0.5885,0.3947,0.0116,0.0033
761.0000,0.0030,0.3237,0.6305,0.0313,0.0115
762.0000,0.0020,0.7732,0.2118,0.0081,0.0048
763.0000,0.0005,0.8781,0.0482,0.0154,0.0578
764.0000,0.0123,0.0564,0.6832,0.1708,0.0774
765.0000,0.0036,0.0787,0.5312,0.2167,0.1698
766.0000,0.0012,0.7343,0.2190,0.0293,0.0162
767.0000,0.0026,0.5614,0.3015,0.0888,0.0457
768.0000,0.0002,0.9147,0.0797,0.0042,0.0011
769.0000,0.0042,0.0046,0.1372,0.6981,0.1558
770.0000,0.0013,0.4726,0.4370,0.0734,0.0157
771.0000,0.0144,0.0725,0.4359,0.3444,0.1328
772.0000,0.0024,0.3970,0.3847,0.1870,0.0290
773.0000,0.0033,0.5121,0.3011,0.1668,0.0167
774.0000,0.0018,0.6580,0.1955,0.0314,0.1133
775.0000,0.0006,0.8870,0.1063,0.0053,0.0008
776.0000,0.0036,0.3921,0.5150,0.0735,0.0157
777.0000,0.0017,0.1918,0.7473,0.0536,0.0055
778.0000,0.0016,0.9127,0.0741,0.0060,0.0055
779.0000,0.0162,0.2364,0.4148,0.2486,0.0840
780.0000,0.0008,0.3401,0.6210,0.0325,0.0056
781.0000,0.0007,0.5717,0.3842,0.0265,0.0169
782.0000,0.0037,0.0208,0.4204,0.4676,0.0875
783.0000,0.0017,0.4319,0.4686,0.0847,0.0131
784.0000,0.0132,0.8414,0.1277,0.0146,0.0031
785.0000,0.0019,0.5946,0.3213,0.0546,0.0275
786.0000,0.0028,0.1465,0.2275,0.4598,0.1633
787.0000,0.0058,0.0821,0.4843,0.3160,0.1118
788.0000,0.0098,0.0045,0.0340,0.0624,0.8893
789.0000,0.0014,0.9277,0.0640,0.0057,0.0013
790.0000,0.0009,0.7980,0.1904,0.0070,0.0037
791.0000,0.9833,0.0095,0.0038,0.0031,0.0004
792.0000,0.0503,0.1709,0.5398,0.2033,0.0357
793.0000,0.0036,0.1747,0.7319,0.0831,0.0067
794.0000,0.0037,0.0323,0.1743,0.7462,0.0435
795.0000,0.0015,0.6686,0.1935,0.0893,0.0471
796.0000,0.0010,0.0061,0.0663,0.2975,0.6291
797.0000,0.0008,0.6144,0.2870,0.0697,0.0280
798.0000,0.0033,0.0350,0.1573,0.3591,0.4454
799.0000,0.0072,0.0194,0.0603,0.0904,0.8226
800.0000,0.0021,0.2094,0.5207,0.2016,0.0663
801.0000,0.0014,0.3828,0.5824,0.0275,0.0060
802.0000,0.0009,0.8478,0.1217,0.0209,0.0088
803.0000,0.0710,0.0936,0.2302,0.3051,0.3000
804.0000,0.0031,0.5149,0.2752,0.1637,0.0432
805.0000,0.0004,0.6476,0.3029,0.0314,0.0177
806.0000,0.0025,0.4020,0.5540,0.0350,0.0065
807.0000,0.0018,0.0450,0.3089,0.5955,0.0489
808.0000,0.0041,0.0725,0.3040,0.3064,0.3131
809.0000,0.0012,0.4892,0.4830,0.0207,0.0060
810.0000,0.0066,0.1403,0.6265,0.1758,0.0509
811.0000,0.0079,0.3080,0.6183,0.0555,0.0103
812.0000,0.0159,0.2601,0.4987,0.1896,0.0357
813.0000,0.0030,0.0533,0.4898,0.4168,0.0371
814.0000,0.0131,0.0029,0.0338,0.1814,0.7687
815.0000,0.0038,0.4439,0.4811,0.0611,0.0101
816.0000,0.0016,0.0138,0.0464,0.7472,0.1910
817.0000,0.0025,0.1462,0.7750,0.0701,0.0063
818.0000,0.0014,0.4199,0.4720,0.0839,0.0229
819.0000,0.0071,0.0884,0.4616,0.2725,0.1703
820.0000,0.0046,0.8821,0.0967,0.0147,0.0019
821.0000,0.0034,0.6651,0.2285,0.0512,0.0519
822.0000,0.0021,0.5198,0.2984,0.1398,0.0399
823.0000,0.0052,0.0209,0.1057,0.4801,0.3881
824.0000,0.0107,0.1088,0.5131,0.2339,0.1336
825.0000,0.0016,0.1726,0.5927,0.2040,0.0291
826.0000,0.0028,0.3720,0.5883,0.0273,0.0096
827.0000,0.0119,0.0141,0.1242,0.5113,0.3385
828.0000,0.0072,0.6849,0.2281,0.0720,0.0078
829.0000,0.0750,0.0954,0.4400,0.3712,0.0184
830.0000,0.0026,0.4225,0.5196,0.0481,0.0072
831.0000,0.0040,0.4318,0.5014,0.0401,0.0227
832.0000,0.3504,0.2410,0.2006,0.1482,0.0597
833.0000,0.0045,0.0672,0.7576,0.1420,0.0287
834.0000,0.0066,0.0056,0.0371,0.2381,0.7126
835.0000,0.0033,0.5924,0.3480,0.0394,0.0168
836.0000,0.0008,0.9626,0.0270,0.0073,0.0024
837.0000,0.0101,0.4936,0.4215,0.0609,0.0139
838.0000,0.0049,0.4174,0.4708,0.0986,0.0084
839.0000,0.0014,0.4847,0.3989,0.0858,0.0291
840.0000,0.0005,0.7187,0.2662,0.0108,0.0037
841.0000,0.0011,0.7277,0.2590,0.0089,0.0033
842.0000,0.0019,0.2480,0.6737,0.0698,0.0066
843.0000,0.0035,0.1147,0.6229,0.1774,0.0816
844.0000,0.0054,0.1822,0.5211,0.2416,0.0497
845.0000,0.0009,0.8731,0.0912,0.0206,0.0143
846.0000,0.0101,0.0684,0.6451,0.2489,0.0275
847.0000,0.0097,0.2789,0.3063,0.3190,0.0862
848.0000,0.0031,0.0205,0.1837,0.3962,0.3966
849.0000,0.0010,0.4604,0.5104,0.0245,0.0037
850.0000,0.0061,0.2254,0.6567,0.1013,0.0105
851.0000,0.0020,0.3731,0.5834,0.0359,0.0055
852.0000,0.0028,0.7623,0.2251,0.0086,0.0012
853.0000,0.0012,0.4911,0.4226,0.0735,0.0116
854.0000,0.0102,0.6012,0.2686,0.1104,0.0096
855.0000,0.0127,0.1716,0.7738,0.0363,0.0055
856.0000,0.0038,0.1262,0.6271,0.2142,0.0287
857.0000,0.0021,0.6118,0.3177,0.0531,0.0154
858.0000,0.0042,0.2606,0.5340,0.1806,0.0206
859.0000,0.2455,0.0267,0.1121,0.2338,0.3820
860.0000,0.0034,0.5674,0.4075,0.0191,0.0026
861.0000,0.0023,0.5815,0.3703,0.0318,0.0141
862.0000,0.0007,0.6212,0.3038,0.0331,0.0413
863.0000,0.0014,0.6815,0.3055,0.0088,0.0029
864.0000,0.0013,0.6182,0.3401,0.0245,0.0158
865.0000,0.0034,0.2130,0.6176,0.1351,0.0308
866.0000,0.0025,0.4516,0.5241,0.0172,0.0046
867.0000,0.0034,0.7192,0.2414,0.0308,0.0052
868.0000,0.0004,0.8669,0.1046,0.0195,0.0085
869.0000,0.0036,0.0049,0.0982,0.6886,0.2047
870.0000,0.0448,0.3915,0.2829,0.1502,0.1307
871.0000,0.0026,0.7585,0.2108,0.0246,0.0035
872.0000,0.0018,0.0018,0.0279,0.0854,0.8832
873.0000,0.0012,0.8274,0.0964,0.0611,0.0140
874.0000,0.0035,0.4132,0.5054,0.0589,0.0191
875.0000,0.0012,0.2324,0.7028,0.0594,0.0042
876.0000,0.0032,0.6402,0.2425,0.0977,0.0164
877.0000,0.0050,0.7906,0.1488,0.0354,0.0202
878.0000,0.0033,0.3757,0.4211,0.1885,0.0114
879.0000,0.4181,0.0385,0.2713,0.2415,0.0307
880.0000,0.0038,0.1980,0.5413,0.2378,0.0190
881.0000,0.0015,0.5995,0.3691,0.0261,0.0038
882.0000,0.0125,0.1197,0.5943,0.1955,0.0780
883.0000,0.0021,0.4317,0.5374,0.0250,0.0038
884.0000,0.0016,0.1549,0.6441,0.1811,0.0183
885.0000,0.0047,0.3310,0.4015,0.1043,0.1586
886.0000,0.0040,0.5704,0.3948,0.0216,0.0093
887.0000,0.0007,0.0436,0.5475,0.3862,0.0220
888.0000,0.0096,0.1162,0.4810,0.3774,0.0157
889.0000,0.0018,0.3420,0.4235,0.1180,0.1147
890.0000,0.0011,0.7050,0.2674,0.0226,0.0039
891.0000,0.0029,0.7973,0.1880,0.0097,0.0021
892.0000,0.0037,0.1525,0.7270,0.1099,0.0069
893.0000,0.0176,0.2230,0.6108,0.1196,0.0290
894.0000,0.0023,0.4649,0.4786,0.0462,0.0080
895.0000,0.0012,0.0114,0.2031,0.7252,0.0590
896.0000,0.0027,0.5207,0.4326,0.0306,0.0134
897.0000,0.0051,0.0415,0.4875,0.3774,0.0885
898.0000,0.0218,0.1815,0.5211,0.2271,0.0486
899.0000,0.0031,0.2094,0.7523,0.0300,0.0052
900.0000,0.0007,0.8855,0.0958,0.0161,0.0019
901.0000,0.0135,0.2377,0.5647,0.1542,0.0299
902.0000,0.0015,0.9083,0.0705,0.0145,0.0052
903.0000,0.0018,0.5905,0.2609,0.0710,0.0757
904.0000,0.0059,0.1874,0.6392,0.1488,0.0187
905.0000,0.0020,0.9027,0.0860,0.0078,0.0015
906.0000,0.0042,0.1376,0.6830,0.1705,0.0048
907.0000,0.0039,0.5050,0.3806,0.0840,0.0265
908.0000,0.0073,0.1279,0.3846,0.4032,0.0770
