id,no answer,very important,quite important,not important,not at all important
0.0000,0.0014,0.8257,0.0899,0.0737,0.0092
1.0000,0.0141,0.1046,0.7973,0.0741,0.0098
2.0000,0.0116,0.0872,0.5069,0.3744,0.0198
3.0000,0.0102,0.0984,0.7724,0.0907,0.0284
4.0000,0.0037,0.2768,0.6432,0.0629,0.0134
5.0000,0.0017,0.7312,0.2170,0.0408,0.0093
6.0000,0.0023,0.7915,0.1544,0.0243,0.0275
7.0000,0.0078,0.0257,0.2782,0.4547,0.2336
8.0000,0.0045,0.5621,0.3226,0.0816,0.0293
9.0000,0.0039,0.8468,0.0947,0.0445,0.0102
10.0000,0.0034,0.4627,0.3927,0.1092,0.0320
11.0000,0.0087,0.0715,0.1474,0.4312,0.3413
12.0000,0.0012,0.8965,0.0906,0.0095,0.0022
13.0000,0.0026,0.4239,0.5476,0.0217,0.0042
14.0000,0.0040,0.1813,0.5246,0.2708,0.0193
15.0000,0.0043,0.5143,0.4440,0.0308,0.0067
16.0000,0.0065,0.8587,0.1199,0.0121,0.0028
17.0000,0.0045,0.0078,0.0660,0.8252,0.0965
18.0000,0.0058,0.1457,0.7789,0.0574,0.0122
19.0000,0.0038,0.3236,0.5909,0.0503,0.0314
20.0000,0.0573,0.1613,0.3694,0.1326,0.2794
21.0000,0.0008,0.9389,0.0537,0.0048,0.0018
22.0000,0.0124,0.1722,0.5860,0.1939,0.0355
23.0000,0.0049,0.3449,0.5745,0.0610,0.0147
24.0000,0.0069,0.3526,0.5626,0.0612,0.0168
25.0000,0.0026,0.2325,0.6796,0.0727,0.0126
26.0000,0.0326,0.7291,0.1791,0.0350,0.0242
27.0000,0.0124,0.0895,0.6572,0.1629,0.0780
28.0000,0.0033,0.2839,0.5811,0.1194,0.0123
29.0000,0.0989,0.2323,0.6001,0.0555,0.0132
30.0000,0.0080,0.0427,0.3821,0.3914,0.1758
31.0000,0.0050,0.5099,0.4237,0.0508,0.0106
32.0000,0.0021,0.9180,0.0683,0.0087,0.0029
33.0000,0.0050,0.2869,0.6320,0.0558,0.0202
34.0000,0.0033,0.6026,0.3650,0.0233,0.0058
35.0000,0.0080,0.0672,0.3604,0.3163,0.2482
36.0000,0.0046,0.4417,0.5056,0.0381,0.0099
37.0000,0.0035,0.8109,0.1504,0.0244,0.0109
38.0000,0.0025,0.3998,0.5288,0.0633,0.0056
39.0000,0.0030,0.3759,0.5493,0.0642,0.0076
40.0000,0.0024,0.6495,0.3206,0.0208,0.0066
41.0000,0.0094,0.0880,0.3484,0.3292,0.2249
42.0000,0.0046,0.2997,0.4288,0.1537,0.1132
43.0000,0.0026,0.4127,0.5469,0.0323,0.0056
44.0000,0.0033,0.5827,0.3565,0.0420,0.0156
45.0000,0.0086,0.2506,0.3640,0.3241,0.0526
46.0000,0.0023,0.5253,0.4439,0.0227,0.0058
47.0000,0.0030,0.6306,0.2930,0.0565,0.0169
48.0000,0.0052,0.6930,0.2504,0.0430,0.0085
49.0000,0.0078,0.7482,0.1980,0.0370,0.0089
50.0000,0.0027,0.7987,0.1668,0.0224,0.0093
51.0000,0.0018,0.6296,0.3163,0.0304,0.0219
52.0000,0.0041,0.1895,0.7170,0.0725,0.0170
53.0000,0.0111,0.0639,0.4844,0.3964,0.0441
54.0000,0.0048,0.2687,0.5851,0.1082,0.0332
55.0000,0.0047,0.5138,0.4522,0.0213,0.0079
56.0000,0.0052,0.1090,0.8035,0.0717,0.0106
57.0000,0.0029,0.3024,0.5523,0.1315,0.0109
58.0000,0.0091,0.2251,0.4858,0.2556,0.0244
59.0000,0.0028,0.5165,0.4141,0.0393,0.0273
60.0000,0.0018,0.9081,0.0797,0.0078,0.0026
61.0000,0.0107,0.0423,0.4475,0.3597,0.1397
62.0000,0.0032,0.0766,0.7496,0.1521,0.0185
63.0000,0.0029,0.3899,0.5423,0.0560,0.0090
64.0000,0.0077,0.5475,0.3502,0.0653,0.0294
65.0000,0.0065,0.3560,0.5799,0.0460,0.0116
66.0000,0.0128,0.0994,0.5146,0.3508,0.0224
67.0000,0.0039,0.5079,0.3582,0.1047,0.0253
68.0000,0.0053,0.4705,0.4719,0.0458,0.0064
69.0000,0.0063,0.0899,0.7747,0.1131,0.0160
70.0000,0.0069,0.2993,0.3751,0.2589,0.0599
71.0000,0.0067,0.4851,0.4061,0.0803,0.0219
72.0000,0.0041,0.9053,0.0788,0.0064,0.0054
73.0000,0.0038,0.2149,0.5948,0.1557,0.0307
74.0000,0.0029,0.5605,0.3665,0.0464,0.0237
75.0000,0.0028,0.7589,0.1979,0.0306,0.0097
76.0000,0.0012,0.9272,0.0620,0.0077,0.0019
77.0000,0.0029,0.4125,0.3821,0.1744,0.0281
78.0000,0.0141,0.5941,0.2693,0.0576,0.0649
79.0000,0.0057,0.3541,0.5934,0.0379,0.0090
80.0000,0.0037,0.4745,0.4638,0.0432,0.0148
81.0000,0.0030,0.5771,0.3917,0.0199,0.0083
82.0000,0.0043,0.3109,0.4826,0.0757,0.1264
83.0000,0.1616,0.3881,0.3621,0.0495,0.0387
84.0000,0.0111,0.1653,0.5479,0.1820,0.0937
85.0000,0.0019,0.6890,0.2398,0.0482,0.0211
86.0000,0.0023,0.7196,0.2358,0.0348,0.0074
87.0000,0.0039,0.5367,0.4348,0.0186,0.0060
88.0000,0.0048,0.0298,0.3068,0.5322,0.1264
89.0000,0.0045,0.1669,0.3007,0.4906,0.0373
90.0000,0.0044,0.3683,0.5820,0.0283,0.0171
91.0000,0.0027,0.1440,0.6634,0.1257,0.0641
92.0000,0.0112,0.2078,0.4421,0.3055,0.0334
93.0000,0.0168,0.3233,0.3503,0.2561,0.0535
94.0000,0.0048,0.4807,0.4316,0.0622,0.0208
95.0000,0.0024,0.6535,0.3240,0.0157,0.0043
96.0000,0.0067,0.0543,0.5115,0.2808,0.1468
97.0000,0.0043,0.7639,0.1911,0.0303,0.0103
98.0000,0.0073,0.0882,0.2819,0.5639,0.0587
99.0000,0.0024,0.3957,0.5592,0.0355,0.0071
100.0000,0.0016,0.7559,0.2243,0.0146,0.0036
101.0000,0.0084,0.2302,0.6271,0.1064,0.0279
102.0000,0.0109,0.2957,0.2589,0.2562,0.1783
103.0000,0.0058,0.0154,0.0852,0.2914,0.6021
104.0000,0.0062,0.0131,0.1386,0.4821,0.3599
105.0000,0.0011,0.8874,0.1017,0.0073,0.0026
106.0000,0.0094,0.1894,0.6379,0.1488,0.0145
107.0000,0.0041,0.6982,0.2655,0.0238,0.0085
108.0000,0.0023,0.7348,0.2321,0.0261,0.0048
109.0000,0.0085,0.4968,0.3377,0.1154,0.0415
110.0000,0.0027,0.2334,0.6194,0.1116,0.0329
111.0000,0.0020,0.8017,0.1640,0.0268,0.0055
112.0000,0.0039,0.2569,0.6845,0.0464,0.0083
113.0000,0.0031,0.0900,0.7796,0.1117,0.0156
114.0000,0.0042,0.2971,0.4499,0.2342,0.0146
115.0000,0.0031,0.6914,0.2701,0.0290,0.0063
116.0000,0.0129,0.0237,0.4563,0.4155,0.0916
117.0000,0.0107,0.0456,0.4038,0.3801,0.1598
118.0000,0.0034,0.4683,0.4550,0.0575,0.0158
119.0000,0.0044,0.0485,0.2815,0.3536,0.3119
120.0000,0.0022,0.6888,0.2934,0.0103,0.0052
121.0000,0.0058,0.5084,0.4281,0.0489,0.0088
122.0000,0.0066,0.0216,0.1514,0.2813,0.5392
123.0000,0.0101,0.0421,0.2858,0.4678,0.1942
124.0000,0.0088,0.1238,0.5840,0.2163,0.0670
125.0000,0.0031,0.6318,0.3073,0.0339,0.0239
126.0000,0.0071,0.0718,0.4251,0.3774,0.1185
127.0000,0.0051,0.4934,0.4550,0.0277,0.0187
128.0000,0.0032,0.7660,0.1528,0.0509,0.0272
129.0000,0.0031,0.1224,0.7042,0.1543,0.0160
130.0000,0.0029,0.0843,0.5975,0.2852,0.0301
131.0000,0.0121,0.1203,0.2523,0.2882,0.3271
132.0000,0.0022,0.7560,0.2215,0.0159,0.0045
133.0000,0.0061,0.1446,0.4979,0.2483,0.1031
134.0000,0.0040,0.4881,0.4009,0.0517,0.0553
135.0000,0.0058,0.5422,0.3955,0.0396,0.0168
136.0000,0.0968,0.1135,0.2748,0.2769,0.2381
137.0000,0.0032,0.2068,0.7317,0.0497,0.0087
138.0000,0.0060,0.1784,0.2283,0.3603,0.2271
139.0000,0.0075,0.1408,0.5425,0.2577,0.0516
140.0000,0.0064,0.3543,0.5563,0.0557,0.0273
141.0000,0.0069,0.2030,0.6244,0.1381,0.0276
142.0000,0.0022,0.6253,0.3378,0.0244,0.0103
143.0000,0.0047,0.1678,0.6863,0.1216,0.0195
144.0000,0.0047,0.7102,0.2416,0.0321,0.0114
145.0000,0.0256,0.1145,0.2818,0.3652,0.2130
146.0000,0.0055,0.3160,0.5358,0.0915,0.0513
147.0000,0.0156,0.2230,0.5615,0.1597,0.0403
148.0000,0.0091,0.0550,0.5655,0.3429,0.0275
149.0000,0.0061,0.5141,0.3931,0.0646,0.0222
150.0000,0.0279,0.1200,0.6514,0.1685,0.0322
151.0000,0.0039,0.0176,0.1439,0.3783,0.4563
152.0000,0.0016,0.8227,0.1522,0.0143,0.0092
153.0000,0.0022,0.6068,0.3565,0.0294,0.0051
154.0000,0.0017,0.8639,0.1217,0.0100,0.0028
155.0000,0.0055,0.0581,0.4126,0.4292,0.0946
156.0000,0.0042,0.3013,0.5991,0.0685,0.0271
157.0000,0.0016,0.8142,0.1712,0.0101,0.0029
158.0000,0.0051,0.1165,0.7076,0.1430,0.0278
159.0000,0.0123,0.0190,0.1973,0.5071,0.2643
160.0000,0.0174,0.3763,0.4930,0.0988,0.0145
161.0000,0.0013,0.8979,0.0889,0.0094,0.0025
162.0000,0.0166,0.0292,0.2231,0.4331,0.2980
163.0000,0.0036,0.6182,0.3490,0.0181,0.0111
164.0000,0.0141,0.4810,0.4186,0.0721,0.0142
165.0000,0.0024,0.3019,0.6498,0.0382,0.0076
166.0000,0.0053,0.5603,0.3116,0.0717,0.0510
167.0000,0.0019,0.7497,0.2234,0.0129,0.0121
168.0000,0.0057,0.4271,0.4751,0.0752,0.0169
169.0000,0.0032,0.5987,0.2444,0.1376,0.0161
170.0000,0.0030,0.6558,0.2858,0.0345,0.0209
171.0000,0.0028,0.5844,0.3303,0.0716,0.0110
172.0000,0.0026,0.0620,0.7746,0.1517,0.0091
173.0000,0.0039,0.1950,0.6208,0.1358,0.0445
174.0000,0.0031,0.0595,0.7390,0.1464,0.0520
175.0000,0.0118,0.1406,0.7190,0.1159,0.0126
176.0000,0.0041,0.0234,0.4162,0.4695,0.0869
177.0000,0.0148,0.0991,0.7839,0.0770,0.0253
178.0000,0.0023,0.9122,0.0738,0.0068,0.0048
179.0000,0.0048,0.4966,0.4306,0.0519,0.0161
180.0000,0.0035,0.4381,0.4751,0.0723,0.0110
181.0000,0.0035,0.1660,0.5582,0.2548,0.0175
182.0000,0.0028,0.8697,0.1117,0.0130,0.0028
183.0000,0.0031,0.5834,0.3726,0.0343,0.0067
184.0000,0.0047,0.0453,0.3734,0.5034,0.0732
185.0000,0.0045,0.3294,0.6063,0.0389,0.0209
186.0000,0.0024,0.7980,0.1798,0.0122,0.0076
187.0000,0.0031,0.4379,0.5259,0.0233,0.0098
188.0000,0.0095,0.1724,0.6154,0.1806,0.0220
189.0000,0.0025,0.8763,0.0797,0.0280,0.0135
190.0000,0.0103,0.0715,0.5095,0.3071,0.1016
191.0000,0.0035,0.7091,0.2391,0.0327,0.0157
192.0000,0.0102,0.0832,0.4233,0.2619,0.2213
193.0000,0.0096,0.0813,0.4740,0.3273,0.1080
194.0000,0.0038,0.7638,0.1186,0.0883,0.0255
195.0000,0.0187,0.0985,0.3671,0.4422,0.0735
196.0000,0.0030,0.4915,0.4659,0.0338,0.0059
197.0000,0.0032,0.8831,0.0999,0.0055,0.0083
198.0000,0.0170,0.0916,0.2230,0.5159,0.1525
199.0000,0.0018,0.6338,0.3218,0.0293,0.0133
200.0000,0.0189,0.0724,0.4611,0.3241,0.1235
201.0000,0.0080,0.0086,0.0874,0.2685,0.6274
202.0000,0.0104,0.4859,0.4548,0.0417,0.0073
203.0000,0.0026,0.7903,0.1810,0.0192,0.0069
204.0000,0.0046,0.6913,0.2580,0.0274,0.0188
205.0000,0.0032,0.2693,0.4895,0.2023,0.0358
206.0000,0.0074,0.4954,0.3649,0.0620,0.0703
207.0000,0.0033,0.2994,0.6678,0.0245,0.0050
208.0000,0.0086,0.1376,0.5982,0.1903,0.0653
209.0000,0.0068,0.3269,0.5443,0.0921,0.0298
210.0000,0.0030,0.4284,0.2227,0.2655,0.0805
211.0000,0.0039,0.1589,0.4227,0.2159,0.1986
212.0000,0.0040,0.0133,0.1179,0.6202,0.2446
213.0000,0.0088,0.2866,0.4360,0.2456,0.0229
214.0000,0.0040,0.1017,0.5652,0.3088,0.0203
215.0000,0.0060,0.1797,0.7427,0.0622,0.0094
216.0000,0.0033,0.0175,0.1608,0.6272,0.1912
217.0000,0.0013,0.8654,0.1176,0.0130,0.0027
218.0000,0.0017,0.8428,0.1349,0.0172,0.0035
219.0000,0.0028,0.6900,0.2601,0.0356,0.0115
220.0000,0.0052,0.0699,0.1650,0.5221,0.2377
221.0000,0.0034,0.8121,0.1413,0.0309,0.0123
222.0000,0.0093,0.1441,0.4815,0.1868,0.1783
223.0000,0.0028,0.7278,0.2111,0.0376,0.0207
224.0000,0.0073,0.0146,0.0456,0.3703,0.5622
225.0000,0.0035,0.2804,0.5955,0.0985,0.0220
226.0000,0.0081,0.3880,0.4776,0.0823,0.0441
227.0000,0.0056,0.2138,0.6503,0.1114,0.0189
228.0000,0.0544,0.8449,0.0687,0.0197,0.0122
229.0000,0.0021,0.6066,0.3049,0.0751,0.0114
230.0000,0.0090,0.1938,0.5095,0.2190,0.0687
231.0000,0.0038,0.1190,0.6540,0.2054,0.0178
232.0000,0.0024,0.8215,0.1403,0.0265,0.0093
233.0000,0.0137,0.1997,0.3518,0.1770,0.2577
234.0000,0.0072,0.0578,0.3421,0.3912,0.2017
235.0000,0.0031,0.0659,0.3406,0.4860,0.1045
236.0000,0.0038,0.0952,0.7370,0.1515,0.0124
237.0000,0.0015,0.9197,0.0650,0.0103,0.0035
238.0000,0.0041,0.1003,0.7441,0.1350,0.0166
239.0000,0.0031,0.6339,0.3053,0.0245,0.0332
240.0000,0.0039,0.0708,0.6986,0.2144,0.0123
241.0000,0.0317,0.6857,0.2067,0.0481,0.0278
242.0000,0.0022,0.8070,0.1758,0.0122,0.0029
243.0000,0.0027,0.5615,0.3182,0.0893,0.0283
244.0000,0.0024,0.7947,0.1690,0.0278,0.0062
245.0000,0.0035,0.6141,0.3519,0.0227,0.0077
246.0000,0.0018,0.9489,0.0374,0.0080,0.0039
247.0000,0.0085,0.6931,0.2107,0.0584,0.0293
248.0000,0.0101,0.5310,0.3448,0.0685,0.0455
249.0000,0.0033,0.1186,0.6845,0.1811,0.0125
250.0000,0.0078,0.2716,0.6611,0.0509,0.0086
251.0000,0.0039,0.7686,0.2050,0.0173,0.0052
252.0000,0.0036,0.6242,0.3498,0.0182,0.0042
253.0000,0.0032,0.4215,0.4202,0.1383,0.0168
254.0000,0.0064,0.1400,0.3693,0.2594,0.2250
255.0000,0.0040,0.5772,0.3404,0.0434,0.0350
256.0000,0.0020,0.8641,0.1039,0.0214,0.0086
257.0000,0.0117,0.0424,0.2149,0.3441,0.3869
258.0000,0.0017,0.8385,0.1310,0.0187,0.0101
259.0000,0.0033,0.8157,0.1473,0.0160,0.0178
260.0000,0.0081,0.0728,0.4393,0.3312,0.1486
261.0000,0.0042,0.6785,0.2482,0.0590,0.0101
262.0000,0.0050,0.6457,0.2579,0.0466,0.0448
263.0000,0.0092,0.0640,0.3118,0.4327,0.1822
264.0000,0.0232,0.0465,0.4758,0.2524,0.2021
265.0000,0.0071,0.1582,0.2027,0.3645,0.2675
266.0000,0.0058,0.1235,0.4918,0.2854,0.0934
267.0000,0.0044,0.6251,0.3437,0.0217,0.0051
268.0000,0.0031,0.4287,0.5097,0.0485,0.0100
269.0000,0.0025,0.5719,0.3998,0.0215,0.0043
270.0000,0.0045,0.3406,0.4883,0.0619,0.1047
271.0000,0.0030,0.6668,0.2867,0.0284,0.0151
272.0000,0.0026,0.6495,0.2748,0.0416,0.0315
273.0000,0.0123,0.4995,0.3700,0.0687,0.0495
274.0000,0.0144,0.0104,0.1023,0.5697,0.3032
275.0000,0.0022,0.5788,0.3619,0.0353,0.0217
276.0000,0.0032,0.7519,0.2355,0.0068,0.0026
277.0000,0.0018,0.8059,0.1731,0.0141,0.0052
278.0000,0.0033,0.5790,0.3780,0.0329,0.0068
279.0000,0.0057,0.3134,0.6027,0.0509,0.0273
280.0000,0.0040,0.7167,0.2092,0.0473,0.0228
281.0000,0.0097,0.3327,0.6129,0.0347,0.0100
282.0000,0.0100,0.0671,0.4666,0.2539,0.2024
283.0000,0.0258,0.4385,0.4283,0.0553,0.0521
284.0000,0.0027,0.6549,0.3193,0.0194,0.0036
285.0000,0.0138,0.1430,0.7049,0.1105,0.0277
286.0000,0.0027,0.8048,0.1813,0.0082,0.0031
287.0000,0.0870,0.4599,0.3969,0.0415,0.0147
288.0000,0.0039,0.0210,0.1514,0.4960,0.3278
289.0000,0.0044,0.1837,0.7189,0.0847,0.0083
290.0000,0.0045,0.1946,0.4220,0.3505,0.0284
291.0000,0.0081,0.0561,0.5283,0.3344,0.0732
292.0000,0.0143,0.0493,0.3637,0.1988,0.3739
293.0000,0.0063,0.7500,0.1885,0.0433,0.0120
294.0000,0.0053,0.1540,0.6214,0.1765,0.0428
295.0000,0.2623,0.0233,0.1309,0.2931,0.2904
296.0000,0.0043,0.2290,0.5862,0.1019,0.0785
297.0000,0.0030,0.8910,0.0851,0.0133,0.0076
298.0000,0.0124,0.1973,0.5729,0.1805,0.0368
299.0000,0.0022,0.3074,0.6451,0.0380,0.0072
300.0000,0.0082,0.2105,0.6517,0.1023,0.0273
301.0000,0.0102,0.1077,0.5825,0.2637,0.0360
302.0000,0.2760,0.0648,0.0322,0.2323,0.3946
303.0000,0.0033,0.0597,0.3885,0.5201,0.0284
304.0000,0.0084,0.0512,0.5514,0.3138,0.0752
305.0000,0.0031,0.4520,0.4870,0.0490,0.0090
306.0000,0.0034,0.6152,0.2918,0.0500,0.0395
307.0000,0.0013,0.9399,0.0463,0.0075,0.0051
308.0000,0.0013,0.9008,0.0895,0.0064,0.0021
309.0000,0.0031,0.3827,0.5581,0.0496,0.0064
310.0000,0.0182,0.0718,0.5329,0.3406,0.0365
311.0000,0.0035,0.6128,0.3467,0.0262,0.0109
312.0000,0.0087,0.3275,0.5813,0.0671,0.0154
313.0000,0.0828,0.5738,0.2701,0.0597,0.0136
314.0000,0.0040,0.6518,0.2712,0.0587,0.0144
315.0000,0.0037,0.4027,0.2903,0.2000,0.1033
316.0000,0.0022,0.8327,0.1502,0.0108,0.0042
317.0000,0.0051,0.0874,0.6868,0.1887,0.0319
318.0000,0.0025,0.4798,0.4952,0.0184,0.0041
319.0000,0.0121,0.1993,0.5940,0.1461,0.0485
320.0000,0.0032,0.3204,0.6344,0.0343,0.0078
321.0000,0.0039,0.1171,0.7103,0.1512,0.0176
322.0000,0.0036,0.1294,0.7953,0.0634,0.0083
323.0000,0.0021,0.5462,0.3833,0.0467,0.0217
324.0000,0.0665,0.2426,0.3648,0.2769,0.0492
325.0000,0.0021,0.5112,0.4221,0.0407,0.0240
326.0000,0.0022,0.8339,0.1281,0.0161,0.0197
327.0000,0.0016,0.7389,0.2045,0.0500,0.0049
328.0000,0.0144,0.4383,0.4918,0.0375,0.0180
329.0000,0.0094,0.2696,0.6620,0.0520,0.0071
330.0000,0.0019,0.8141,0.1509,0.0275,0.0057
331.0000,0.0128,0.2898,0.5266,0.1254,0.0454
332.0000,0.0029,0.2177,0.7100,0.0610,0.0083
333.0000,0.0023,0.5057,0.4327,0.0505,0.0089
334.0000,0.0080,0.0097,0.0746,0.4789,0.4288
335.0000,0.0042,0.5424,0.4242,0.0195,0.0097
336.0000,0.0100,0.5617,0.3904,0.0261,0.0117
337.0000,0.0033,0.4413,0.5235,0.0263,0.0057
338.0000,0.0176,0.1502,0.6818,0.1363,0.0140
339.0000,0.0018,0.8282,0.1386,0.0159,0.0156
340.0000,0.0067,0.1760,0.6943,0.0963,0.0268
341.0000,0.0037,0.2788,0.6652,0.0440,0.0083
342.0000,0.0013,0.9096,0.0787,0.0075,0.0028
343.0000,0.0048,0.4505,0.4445,0.0786,0.0216
344.0000,0.0032,0.6064,0.2857,0.0712,0.0334
345.0000,0.0039,0.1304,0.5865,0.2598,0.0193
346.0000,0.0069,0.4013,0.2987,0.2494,0.0437
347.0000,0.0209,0.0122,0.0560,0.2143,0.6966
348.0000,0.0026,0.8104,0.1522,0.0201,0.0147
349.0000,0.0029,0.1355,0.7318,0.1174,0.0125
350.0000,0.0124,0.5996,0.2701,0.0692,0.0487
351.0000,0.0035,0.0793,0.5942,0.2743,0.0487
352.0000,0.0025,0.6933,0.2665,0.0345,0.0032
353.0000,0.0013,0.7695,0.2132,0.0133,0.0027
354.0000,0.0082,0.0126,0.0726,0.2465,0.6601
355.0000,0.0052,0.3916,0.4706,0.1187,0.0139
356.0000,0.0108,0.0395,0.5056,0.3349,0.1092
357.0000,0.0059,0.7174,0.2158,0.0454,0.0154
358.0000,0.0021,0.8390,0.1363,0.0180,0.0045
359.0000,0.0028,0.9148,0.0671,0.0099,0.0053
360.0000,0.0013,0.9011,0.0892,0.0067,0.0017
361.0000,0.0019,0.8946,0.0925,0.0088,0.0023
362.0000,0.0281,0.5377,0.3499,0.0656,0.0187
363.0000,0.0013,0.8699,0.1149,0.0106,0.0032
364.0000,0.0085,0.1351,0.6265,0.1545,0.0753
365.0000,0.0015,0.7439,0.2440,0.0082,0.0024
366.0000,0.0070,0.3803,0.5587,0.0371,0.0169
367.0000,0.0027,0.0192,0.1439,0.2302,0.6041
368.0000,0.0025,0.6295,0.3331,0.0265,0.0084
369.0000,0.0017,0.8351,0.1470,0.0129,0.0032
370.0000,0.0037,0.3205,0.5270,0.1118,0.0369
371.0000,0.0066,0.4093,0.4846,0.0805,0.0191
372.0000,0.0027,0.7205,0.2115,0.0496,0.0158
373.0000,0.0035,0.8303,0.1405,0.0193,0.0064
374.0000,0.0044,0.5925,0.3032,0.0688,0.0312
375.0000,0.0147,0.0898,0.2988,0.4013,0.1954
376.0000,0.0073,0.1726,0.5599,0.2217,0.0384
377.0000,0.0038,0.3316,0.6370,0.0220,0.0056
378.0000,0.0043,0.1410,0.6668,0.1273,0.0606
379.0000,0.0045,0.0789,0.7726,0.1228,0.0212
380.0000,0.0055,0.0383,0.4650,0.3392,0.1519
381.0000,0.0031,0.1471,0.7979,0.0416,0.0103
382.0000,0.0225,0.0680,0.5996,0.2734,0.0365
383.0000,0.0033,0.3266,0.6191,0.0377,0.0132
384.0000,0.0099,0.1604,0.3537,0.3945,0.0815
385.0000,0.0020,0.7924,0.1710,0.0278,0.0068
386.0000,0.0074,0.0554,0.4227,0.3563,0.1582
387.0000,0.0062,0.0485,0.4530,0.3157,0.1766
388.0000,0.0042,0.0244,0.5775,0.3392,0.0546
389.0000,0.0108,0.1022,0.5951,0.2168,0.0750
390.0000,0.0073,0.1147,0.7056,0.1472,0.0253
391.0000,0.0044,0.2646,0.2412,0.1885,0.3013
392.0000,0.0136,0.0851,0.5677,0.3194,0.0141
393.0000,0.0071,0.1827,0.6129,0.1593,0.0380
394.0000,0.0027,0.7636,0.2194,0.0110,0.0033
395.0000,0.0104,0.0676,0.2085,0.2944,0.4191
396.0000,0.0023,0.6693,0.2848,0.0260,0.0176
397.0000,0.0033,0.5752,0.3490,0.0368,0.0358
398.0000,0.0027,0.7412,0.2273,0.0167,0.0121
399.0000,0.0040,0.0859,0.3322,0.2766,0.3012
400.0000,0.0041,0.4893,0.4484,0.0384,0.0197
401.0000,0.0077,0.2944,0.5334,0.1338,0.0307
402.0000,0.0036,0.5260,0.4229,0.0346,0.0129
403.0000,0.0048,0.3229,0.6111,0.0496,0.0116
404.0000,0.0044,0.5910,0.2904,0.0677,0.0465
405.0000,0.0070,0.4062,0.4341,0.0756,0.0771
406.0000,0.0055,0.4641,0.3173,0.1990,0.0142
407.0000,0.0022,0.3948,0.4664,0.1208,0.0159
408.0000,0.0030,0.0451,0.2728,0.6188,0.0602
409.0000,0.0112,0.2171,0.7176,0.0489,0.0052
410.0000,0.0021,0.8485,0.1329,0.0111,0.0054
411.0000,0.0027,0.7604,0.1726,0.0295,0.0349
412.0000,0.0118,0.0438,0.0746,0.6479,0.2219
413.0000,0.0014,0.8471,0.1355,0.0130,0.0030
414.0000,0.0048,0.1575,0.3709,0.4102,0.0566
415.0000,0.0315,0.1988,0.3859,0.1512,0.2325
416.0000,0.0027,0.2717,0.6538,0.0619,0.0098
417.0000,0.0050,0.0657,0.4043,0.4824,0.0426
418.0000,0.0022,0.7645,0.2011,0.0192,0.0131
419.0000,0.0071,0.0725,0.2761,0.5941,0.0501
420.0000,0.0063,0.2205,0.5062,0.1250,0.1419
421.0000,0.0056,0.3420,0.4585,0.0885,0.1054
422.0000,0.0049,0.2699,0.6139,0.0859,0.0254
423.0000,0.0041,0.4563,0.5036,0.0324,0.0037
424.0000,0.0099,0.2474,0.5383,0.1917,0.0128
425.0000,0.0205,0.1225,0.4012,0.4396,0.0162
426.0000,0.0028,0.3442,0.5209,0.0761,0.0560
427.0000,0.0027,0.5873,0.3710,0.0342,0.0048
428.0000,0.0028,0.5939,0.3591,0.0374,0.0067
429.0000,0.0084,0.1811,0.3709,0.2833,0.1563
430.0000,0.0021,0.7840,0.1778,0.0199,0.0163
431.0000,0.0019,0.7315,0.2247,0.0298,0.0121
432.0000,0.0064,0.0303,0.6489,0.2824,0.0321
433.0000,0.0156,0.1056,0.3561,0.1887,0.3340
434.0000,0.0018,0.8957,0.0914,0.0077,0.0034
435.0000,0.0036,0.2612,0.6466,0.0781,0.0105
436.0000,0.0063,0.2114,0.6519,0.1094,0.0210
437.0000,0.0633,0.0435,0.1270,0.3231,0.4431
438.0000,0.0050,0.6359,0.3322,0.0217,0.0052
439.0000,0.0085,0.2936,0.4232,0.1568,0.1179
440.0000,0.0069,0.5506,0.3084,0.1203,0.0139
441.0000,0.0038,0.2745,0.6123,0.0930,0.0163
442.0000,0.0079,0.0441,0.4419,0.3563,0.1499
443.0000,0.0052,0.4085,0.5558,0.0252,0.0053
444.0000,0.0106,0.3806,0.4950,0.1031,0.0107
445.0000,0.0042,0.4665,0.4928,0.0282,0.0083
446.0000,0.0036,0.7166,0.2297,0.0325,0.0176
447.0000,0.0569,0.0200,0.2257,0.6223,0.0751
448.0000,0.0276,0.0288,0.3386,0.3580,0.2470
449.0000,0.0056,0.5318,0.3714,0.0830,0.0082
450.0000,0.0035,0.4472,0.4885,0.0418,0.0190
451.0000,0.0026,0.6534,0.3018,0.0242,0.0180
452.0000,0.0092,0.0790,0.5337,0.2877,0.0903
453.0000,0.0083,0.1830,0.6693,0.1310,0.0084
454.0000,0.0071,0.2585,0.6001,0.1140,0.0203
455.0000,0.0068,0.3825,0.4325,0.1130,0.0653
456.0000,0.0024,0.5689,0.3776,0.0307,0.0204
457.0000,0.0080,0.4650,0.4906,0.0301,0.0062
458.0000,0.0121,0.1553,0.5764,0.2349,0.0212
459.0000,0.0029,0.7823,0.1868,0.0232,0.0049
460.0000,0.0056,0.4830,0.3980,0.0531,0.0603
461.0000,0.0083,0.1271,0.5945,0.2122,0.0579
462.0000,0.0019,0.7385,0.2458,0.0101,0.0038
463.0000,0.0024,0.5118,0.4639,0.0155,0.0065
464.0000,0.0040,0.5963,0.3135,0.0699,0.0164
465.0000,0.0035,0.3762,0.3652,0.1620,0.0931
466.0000,0.0030,0.5244,0.4391,0.0262,0.0072
467.0000,0.0023,0.4698,0.4775,0.0404,0.0100
468.0000,0.0043,0.2020,0.6406,0.1381,0.0151
469.0000,0.0019,0.7367,0.2435,0.0155,0.0025
470.0000,0.0070,0.1750,0.7478,0.0554,0.0147
471.0000,0.0042,0.0157,0.1070,0.5630,0.3101
472.0000,0.0050,0.5117,0.4136,0.0580,0.0116
473.0000,0.0056,0.5855,0.3101,0.0417,0.0571
474.0000,0.0035,0.1859,0.7386,0.0640,0.0081
475.0000,0.0038,0.2807,0.6376,0.0637,0.0141
476.0000,0.0030,0.8795,0.1031,0.0099,0.0046
477.0000,0.0036,0.1082,0.6822,0.1820,0.0240
478.0000,0.0012,0.8865,0.0941,0.0101,0.0081
479.0000,0.0052,0.2102,0.7024,0.0608,0.0214
480.0000,0.0030,0.0604,0.3961,0.4982,0.0422
481.0000,0.0033,0.2206,0.6568,0.1041,0.0152
482.0000,0.0048,0.2743,0.6365,0.0750,0.0094
483.0000,0.0035,0.6163,0.3398,0.0260,0.0145
484.0000,0.0040,0.0070,0.0614,0.1605,0.7672
485.0000,0.0038,0.4477,0.5189,0.0243,0.0054
486.0000,0.0047,0.5027,0.3960,0.0809,0.0157
487.0000,0.0027,0.5193,0.4361,0.0360,0.0058
488.0000,0.0070,0.2061,0.7156,0.0577,0.0136
489.0000,0.0029,0.4477,0.5174,0.0275,0.0045
490.0000,0.0017,0.8924,0.0927,0.0111,0.0021
491.0000,0.0052,0.3748,0.5906,0.0212,0.0082
492.0000,0.0040,0.3542,0.4944,0.1345,0.0129
493.0000,0.0260,0.2036,0.4602,0.2060,0.1042
494.0000,0.0244,0.0461,0.1592,0.3929,0.3774
495.0000,0.0170,0.0780,0.4676,0.3657,0.0717
496.0000,0.0105,0.1839,0.5505,0.2253,0.0299
497.0000,0.0029,0.5726,0.3837,0.0292,0.0117
498.0000,0.0013,0.8820,0.0903,0.0150,0.0115
499.0000,0.0047,0.2246,0.6995,0.0612,0.0100
500.0000,0.0163,0.1105,0.4945,0.3588,0.0199
501.0000,0.0019,0.6698,0.3139,0.0106,0.0037
502.0000,0.0042,0.0348,0.4727,0.4593,0.0290
503.0000,0.1345,0.1249,0.5056,0.2085,0.0266
504.0000,0.0027,0.6242,0.3362,0.0257,0.0112
505.0000,0.0068,0.4197,0.4881,0.0745,0.0108
506.0000,0.0033,0.3557,0.5546,0.0761,0.0102
507.0000,0.0027,0.7656,0.2090,0.0178,0.0049
508.0000,0.0050,0.6637,0.2925,0.0293,0.0095
509.0000,0.0025,0.7202,0.2536,0.0192,0.0045
510.0000,0.0122,0.3497,0.5177,0.0813,0.0391
511.0000,0.0046,0.5578,0.3893,0.0415,0.0068
512.0000,0.0096,0.0716,0.5745,0.2225,0.1218
513.0000,0.0046,0.2952,0.6346,0.0546,0.0110
514.0000,0.0054,0.1856,0.5393,0.2240,0.0457
515.0000,0.0029,0.0203,0.2295,0.2136,0.5337
516.0000,0.0041,0.4737,0.4352,0.0755,0.0115
517.0000,0.0030,0.1154,0.8496,0.0258,0.0062
518.0000,0.0029,0.7223,0.2459,0.0251,0.0038
519.0000,0.0030,0.7027,0.2715,0.0181,0.0047
520.0000,0.0041,0.3218,0.5508,0.1097,0.0136
521.0000,0.0035,0.1720,0.7503,0.0666,0.0076
522.0000,0.0022,0.5461,0.4355,0.0131,0.0031
523.0000,0.0044,0.3187,0.6495,0.0209,0.0065
524.0000,0.0078,0.2089,0.6514,0.1163,0.0156
525.0000,0.0189,0.5426,0.2097,0.1760,0.0529
526.0000,0.0022,0.6677,0.3114,0.0148,0.0039
527.0000,0.0047,0.3037,0.6308,0.0504,0.0104
528.0000,0.0029,0.2348,0.5556,0.1931,0.0136
529.0000,0.0704,0.0289,0.0663,0.1757,0.6587
530.0000,0.0043,0.0996,0.6355,0.2252,0.0354
531.0000,0.0060,0.0570,0.4888,0.3455,0.1026
532.0000,0.0036,0.4941,0.4636,0.0267,0.0120
533.0000,0.0038,0.5112,0.4664,0.0132,0.0053
534.0000,0.0085,0.2069,0.5321,0.2091,0.0434
535.0000,0.0046,0.3921,0.5707,0.0266,0.0060
536.0000,0.0012,0.8615,0.1269,0.0081,0.0022
537.0000,0.0027,0.5753,0.3905,0.0272,0.0044
538.0000,0.0037,0.3099,0.6278,0.0471,0.0115
539.0000,0.0033,0.6747,0.2494,0.0647,0.0079
540.0000,0.0041,0.6032,0.3248,0.0343,0.0336
541.0000,0.0109,0.3073,0.6190,0.0463,0.0165
542.0000,0.0051,0.0506,0.5835,0.2536,0.1072
543.0000,0.0087,0.2176,0.3122,0.3771,0.0844
544.0000,0.0036,0.4071,0.5342,0.0460,0.0091
545.0000,0.0031,0.4058,0.5576,0.0279,0.0056
546.0000,0.0072,0.0430,0.4013,0.3503,0.1983
547.0000,0.0169,0.2569,0.3194,0.3437,0.0631
548.0000,0.0038,0.5482,0.4287,0.0151,0.0041
549.0000,0.0376,0.0485,0.1327,0.3769,0.4043
550.0000,0.0136,0.0107,0.1095,0.6369,0.2292
551.0000,0.0067,0.3578,0.6035,0.0258,0.0062
552.0000,0.0028,0.4997,0.4796,0.0149,0.0031
553.0000,0.0039,0.0760,0.7880,0.1204,0.0118
554.0000,0.0050,0.3192,0.5006,0.1497,0.0255
555.0000,0.0075,0.3694,0.4639,0.0748,0.0844
556.0000,0.0033,0.6974,0.2588,0.0303,0.0102
557.0000,0.0037,0.4606,0.4600,0.0615,0.0142
558.0000,0.0061,0.2106,0.6703,0.0915,0.0216
559.0000,0.0140,0.1082,0.3761,0.4253,0.0763
560.0000,0.0008,0.9149,0.0753,0.0076,0.0014
561.0000,0.0068,0.2452,0.6347,0.1005,0.0127
562.0000,0.0042,0.3450,0.5690,0.0617,0.0201
563.0000,0.0037,0.4988,0.4553,0.0348,0.0075
564.0000,0.0021,0.8248,0.1611,0.0083,0.0038
565.0000,0.0010,0.8908,0.0996,0.0065,0.0020
566.0000,0.0012,0.9093,0.0841,0.0038,0.0016
567.0000,0.0037,0.5383,0.3675,0.0532,0.0373
568.0000,0.0028,0.7845,0.1965,0.0130,0.0032
569.0000,0.0012,0.9014,0.0903,0.0055,0.0016
570.0000,0.0019,0.8701,0.1048,0.0200,0.0031
571.0000,0.0035,0.3938,0.5657,0.0301,0.0070
572.0000,0.0021,0.6358,0.3253,0.0225,0.0142
573.0000,0.0036,0.5719,0.3949,0.0210,0.0086
574.0000,0.0029,0.5147,0.3907,0.0547,0.0370
575.0000,0.0059,0.2346,0.6952,0.0525,0.0117
576.0000,0.0037,0.3514,0.5819,0.0487,0.0142
577.0000,0.0021,0.8410,0.1403,0.0139,0.0028
578.0000,0.0033,0.3179,0.5795,0.0845,0.0148
579.0000,0.0048,0.0152,0.2683,0.6529,0.0588
580.0000,0.0040,0.0951,0.3255,0.5247,0.0507
581.0000,0.0071,0.3148,0.4292,0.1692,0.0798
582.0000,0.0043,0.3951,0.2271,0.1587,0.2148
583.0000,0.0053,0.2497,0.6352,0.0966,0.0132
584.0000,0.0061,0.2295,0.5748,0.1719,0.0177
585.0000,0.0037,0.0230,0.3944,0.5310,0.0480
586.0000,0.0071,0.3197,0.5732,0.0878,0.0122
587.0000,0.0050,0.6044,0.3031,0.0346,0.0530
588.0000,0.0011,0.8737,0.1126,0.0101,0.0025
589.0000,0.0030,0.6316,0.3483,0.0123,0.0048
590.0000,0.0125,0.0267,0.1062,0.2771,0.5775
591.0000,0.0028,0.7020,0.2112,0.0565,0.0276
592.0000,0.0086,0.1357,0.6090,0.1578,0.0889
593.0000,0.0060,0.4501,0.4384,0.0583,0.0472
594.0000,0.0096,0.0980,0.4792,0.3770,0.0361
595.0000,0.0180,0.5082,0.3397,0.0958,0.0382
596.0000,0.0100,0.2744,0.4117,0.1500,0.1538
597.0000,0.0030,0.8139,0.1656,0.0118,0.0058
598.0000,0.0306,0.0575,0.0822,0.2255,0.6042
599.0000,0.0069,0.0250,0.4138,0.4842,0.0700
600.0000,0.0058,0.3831,0.5616,0.0366,0.0129
601.0000,0.0122,0.2720,0.6003,0.0883,0.0273
602.0000,0.0041,0.4410,0.4617,0.0535,0.0396
603.0000,0.0056,0.2674,0.5072,0.1433,0.0765
604.0000,0.0036,0.4403,0.5400,0.0121,0.0039
605.0000,0.2570,0.1974,0.3257,0.1230,0.0969
606.0000,0.0504,0.1916,0.1641,0.5247,0.0692
607.0000,0.0055,0.7323,0.1958,0.0522,0.0142
608.0000,0.0021,0.5430,0.4061,0.0407,0.0080
609.0000,0.0031,0.6204,0.3312,0.0259,0.0194
610.0000,0.0038,0.6511,0.2930,0.0432,0.0088
611.0000,0.0022,0.5759,0.3907,0.0239,0.0072
612.0000,0.0024,0.6621,0.3100,0.0125,0.0131
613.0000,0.0263,0.2850,0.5265,0.0866,0.0756
614.0000,0.0081,0.1351,0.5275,0.3003,0.0289
615.0000,0.0013,0.8648,0.1215,0.0102,0.0022
616.0000,0.0073,0.1586,0.6079,0.1993,0.0269
617.0000,0.0060,0.2254,0.3849,0.2064,0.1773
618.0000,0.0012,0.8705,0.1130,0.0124,0.0030
619.0000,0.0096,0.1075,0.6654,0.1941,0.0232
620.0000,0.0122,0.0543,0.5507,0.3178,0.0650
621.0000,0.0015,0.8759,0.1050,0.0149,0.0027
622.0000,0.0045,0.3837,0.5766,0.0293,0.0059
623.0000,0.0030,0.2769,0.6563,0.0475,0.0163
624.0000,0.0068,0.6651,0.2816,0.0358,0.0108
625.0000,0.0018,0.7300,0.2522,0.0127,0.0032
626.0000,0.0051,0.5865,0.3625,0.0341,0.0118
627.0000,0.0043,0.5625,0.2403,0.1152,0.0777
628.0000,0.0020,0.6181,0.3587,0.0175,0.0037
629.0000,0.0022,0.6625,0.3038,0.0256,0.0059
630.0000,0.0057,0.2559,0.6588,0.0578,0.0217
631.0000,0.0034,0.2017,0.7110,0.0696,0.0143
632.0000,0.0050,0.6055,0.3657,0.0175,0.0063
633.0000,0.0059,0.2497,0.5484,0.1682,0.0278
634.0000,0.0097,0.4334,0.4991,0.0477,0.0101
635.0000,0.0047,0.3071,0.6378,0.0401,0.0103
636.0000,0.0033,0.3249,0.6450,0.0212,0.0056
637.0000,0.0040,0.8364,0.0976,0.0520,0.0099
638.0000,0.0052,0.6857,0.2448,0.0509,0.0135
639.0000,0.0029,0.3211,0.5829,0.0826,0.0105
640.0000,0.0032,0.3175,0.6381,0.0343,0.0069
641.0000,0.0052,0.2163,0.6892,0.0795,0.0097
642.0000,0.0031,0.2903,0.6478,0.0488,0.0100
643.0000,0.0032,0.5239,0.4288,0.0354,0.0086
644.0000,0.0036,0.5408,0.4356,0.0157,0.0043
645.0000,0.0031,0.8348,0.1431,0.0158,0.0033
646.0000,0.0125,0.0303,0.1873,0.6698,0.1001
647.0000,0.0015,0.8850,0.1033,0.0077,0.0025
648.0000,0.0031,0.2576,0.6885,0.0428,0.0080
649.0000,0.0058,0.3136,0.6181,0.0522,0.0103
650.0000,0.0036,0.0474,0.4467,0.4602,0.0421
651.0000,0.0028,0.5237,0.4416,0.0254,0.0065
652.0000,0.0190,0.6661,0.2062,0.0859,0.0229
653.0000,0.0053,0.6390,0.2626,0.0509,0.0423
654.0000,0.0015,0.8086,0.1627,0.0215,0.0056
655.0000,0.0044,0.2789,0.5413,0.1246,0.0508
656.0000,0.0182,0.0508,0.3660,0.3296,0.2353
657.0000,0.0023,0.6338,0.3488,0.0113,0.0038
658.0000,0.0089,0.4302,0.5081,0.0407,0.0121
659.0000,0.0060,0.4053,0.5221,0.0505,0.0160
660.0000,0.0021,0.7243,0.2566,0.0127,0.0042
661.0000,0.0039,0.5061,0.4150,0.0643,0.0106
662.0000,0.0031,0.1781,0.7517,0.0584,0.0087
663.0000,0.0030,0.3661,0.5897,0.0278,0.0133
664.0000,0.0016,0.9232,0.0664,0.0065,0.0023
665.0000,0.0047,0.3701,0.5721,0.0458,0.0073
666.0000,0.0020,0.8102,0.1618,0.0205,0.0055
667.0000,0.0020,0.8396,0.1308,0.0214,0.0062
668.0000,0.0026,0.6423,0.3011,0.0442,0.0099
669.0000,0.0042,0.2603,0.6408,0.0832,0.0116
670.0000,0.0018,0.6126,0.3567,0.0238,0.0051
671.0000,0.0069,0.7714,0.1904,0.0262,0.0052
672.0000,0.0103,0.1757,0.6654,0.1249,0.0238
673.0000,0.0037,0.5422,0.4011,0.0314,0.0215
674.0000,0.0077,0.5466,0.3191,0.0991,0.0275
675.0000,0.0043,0.0487,0.3346,0.3782,0.2342
676.0000,0.0013,0.8966,0.0925,0.0074,0.0022
677.0000,0.0083,0.4900,0.4776,0.0179,0.0063
678.0000,0.0081,0.1570,0.6189,0.1873,0.0287
679.0000,0.0749,0.4684,0.3394,0.0952,0.0221
680.0000,0.0051,0.4690,0.3937,0.1140,0.0181
681.0000,0.0286,0.1552,0.5545,0.2209,0.0408
682.0000,0.0030,0.5921,0.3187,0.0459,0.0402
683.0000,0.0024,0.4785,0.4407,0.0509,0.0275
684.0000,0.0060,0.1867,0.7295,0.0673,0.0106
685.0000,0.0034,0.4048,0.5629,0.0246,0.0044
686.0000,0.0036,0.3498,0.4944,0.1050,0.0472
687.0000,0.0027,0.7443,0.2286,0.0198,0.0045
688.0000,0.0208,0.1028,0.4916,0.2176,0.1672
689.0000,0.0034,0.6724,0.2992,0.0192,0.0059
690.0000,0.0010,0.8976,0.0891,0.0103,0.0020
691.0000,0.0028,0.5260,0.4359,0.0258,0.0094
692.0000,0.3938,0.1187,0.3700,0.0843,0.0333
693.0000,0.0033,0.8081,0.1619,0.0192,0.0076
694.0000,0.0078,0.1257,0.3163,0.1786,0.3716
695.0000,0.0028,0.5362,0.4191,0.0344,0.0075
696.0000,0.0022,0.7968,0.1780,0.0179,0.0051
697.0000,0.0035,0.0192,0.0474,0.2691,0.6608
698.0000,0.0028,0.3764,0.5313,0.0813,0.0083
699.0000,0.0046,0.5462,0.3006,0.1230,0.0255
700.0000,0.0048,0.4494,0.4268,0.1017,0.0173
701.0000,0.0019,0.8035,0.1416,0.0460,0.0069
702.0000,0.0036,0.8459,0.1254,0.0217,0.0035
703.0000,0.0032,0.5248,0.3803,0.0675,0.0241
704.0000,0.0036,0.2427,0.7071,0.0379,0.0088
705.0000,0.0055,0.6810,0.2877,0.0196,0.0062
706.0000,0.0118,0.1515,0.6215,0.1416,0.0736
707.0000,0.0077,0.4134,0.4102,0.1224,0.0462
708.0000,0.0026,0.4888,0.4392,0.0621,0.0072
709.0000,0.0145,0.0638,0.4662,0.3205,0.1350
710.0000,0.0047,0.1217,0.4223,0.4247,0.0265
711.0000,0.0021,0.5449,0.4370,0.0121,0.0039
712.0000,0.0035,0.2901,0.6110,0.0855,0.0100
713.0000,0.0057,0.1144,0.2234,0.3313,0.3251
714.0000,0.0036,0.1192,0.7101,0.1198,0.0473
715.0000,0.0037,0.6783,0.2961,0.0182,0.0038
716.0000,0.0041,0.3981,0.5538,0.0373,0.0068
717.0000,0.0070,0.0275,0.1739,0.6988,0.0929
718.0000,0.0047,0.5347,0.3802,0.0643,0.0160
719.0000,0.0037,0.5778,0.3627,0.0375,0.0183
720.0000,0.0045,0.6585,0.3122,0.0196,0.0052
721.0000,0.0028,0.5993,0.3762,0.0137,0.0080
722.0000,0.0018,0.5585,0.4211,0.0140,0.0046
723.0000,0.0041,0.4052,0.5510,0.0270,0.0126
724.0000,0.0041,0.0514,0.4396,0.4723,0.0325
725.0000,0.0049,0.5986,0.3664,0.0204,0.0097
726.0000,0.0127,0.1198,0.2396,0.5078,0.1202
727.0000,0.0034,0.0508,0.7052,0.2233,0.0173
728.0000,0.0060,0.3937,0.4898,0.0801,0.0304
729.0000,0.0034,0.3050,0.6396,0.0445,0.0075
730.0000,0.0034,0.4653,0.4843,0.0398,0.0072
731.0000,0.0072,0.4092,0.4815,0.0778,0.0243
732.0000,0.0040,0.4591,0.4968,0.0307,0.0094
733.0000,0.0028,0.0115,0.0192,0.1565,0.8100
734.0000,0.0059,0.1136,0.7221,0.1121,0.0462
735.0000,0.0044,0.0666,0.5704,0.3402,0.0184
736.0000,0.0115,0.0720,0.7152,0.1822,0.0190
737.0000,0.0051,0.1932,0.7333,0.0539,0.0145
738.0000,0.0033,0.2015,0.4273,0.3252,0.0428
739.0000,0.0090,0.2564,0.5430,0.1661,0.0256
740.0000,0.0029,0.1971,0.4582,0.3082,0.0336
741.0000,0.0064,0.0557,0.7146,0.1605,0.0628
742.0000,0.0046,0.0289,0.3132,0.4777,0.1756
743.0000,0.0047,0.2968,0.6475,0.0362,0.0149
744.0000,0.0047,0.1558,0.6184,0.1877,0.0334
745.0000,0.0096,0.2299,0.5768,0.1634,0.0204
746.0000,0.0040,0.7360,0.1989,0.0492,0.0119
747.0000,0.0037,0.3311,0.6182,0.0299,0.0171
748.0000,0.0040,0.2160,0.7041,0.0543,0.0216
749.0000,0.0019,0.8722,0.1076,0.0138,0.0046
750.0000,0.0014,0.7222,0.2613,0.0106,0.0045
751.0000,0.0023,0.5678,0.3773,0.0467,0.0059
752.0000,0.0031,0.7243,0.2381,0.0292,0.0053
753.0000,0.0094,0.4145,0.4515,0.0849,0.0397
754.0000,0.0048,0.0913,0.5241,0.3211,0.0587
755.0000,0.0035,0.4403,0.4223,0.1079,0.0260
756.0000,0.0032,0.6481,0.3079,0.0325,0.0082
757.0000,0.0037,0.4980,0.4517,0.0389,0.0077
758.0000,0.0025,0.4161,0.4850,0.0632,0.0332
759.0000,0.0039,0.0059,0.0543,0.4351,0.5009
760.0000,0.0017,0.5210,0.4589,0.0143,0.0042
761.0000,0.0039,0.3851,0.5350,0.0563,0.0197
762.0000,0.0019,0.7608,0.2231,0.0084,0.0058
763.0000,0.0014,0.9197,0.0550,0.0079,0.0161
764.0000,0.0047,0.0487,0.6179,0.2698,0.0589
765.0000,0.0109,0.0632,0.5229,0.2354,0.1676
766.0000,0.0023,0.6738,0.2703,0.0326,0.0211
767.0000,0.0051,0.6815,0.2453,0.0325,0.0356
768.0000,0.0017,0.8247,0.1568,0.0129,0.0039
769.0000,0.0048,0.0095,0.1162,0.6885,0.1810
770.0000,0.0027,0.4674,0.4380,0.0689,0.0229
771.0000,0.0120,0.0647,0.6282,0.2221,0.0730
772.0000,0.0051,0.2611,0.3620,0.2914,0.0805
773.0000,0.0032,0.4659,0.3860,0.1267,0.0181
774.0000,0.0043,0.6479,0.2340,0.0550,0.0588
775.0000,0.0011,0.8487,0.1406,0.0078,0.0018
776.0000,0.0039,0.2776,0.5737,0.1241,0.0207
777.0000,0.0032,0.1701,0.7675,0.0490,0.0103
778.0000,0.0013,0.8315,0.1471,0.0124,0.0077
779.0000,0.0072,0.2744,0.1768,0.4172,0.1245
780.0000,0.0024,0.3936,0.5487,0.0469,0.0084
781.0000,0.0024,0.5301,0.4083,0.0374,0.0218
782.0000,0.0128,0.0292,0.3362,0.4590,0.1628
783.0000,0.0079,0.2682,0.6399,0.0689,0.0151
784.0000,0.0096,0.8473,0.1285,0.0116,0.0029
785.0000,0.0033,0.5491,0.3485,0.0619,0.0371
786.0000,0.0032,0.1612,0.3250,0.3922,0.1185
787.0000,0.0064,0.0870,0.5722,0.2342,0.1003
788.0000,0.0054,0.0059,0.0500,0.1067,0.8320
789.0000,0.0013,0.9303,0.0562,0.0098,0.0024
790.0000,0.0013,0.7463,0.2315,0.0130,0.0080
791.0000,0.8459,0.0801,0.0581,0.0125,0.0034
792.0000,0.1754,0.3139,0.3934,0.0926,0.0247
793.0000,0.0050,0.1856,0.7106,0.0871,0.0117
794.0000,0.0058,0.0318,0.1580,0.7639,0.0404
795.0000,0.0040,0.5935,0.2357,0.1104,0.0564
796.0000,0.0030,0.0081,0.0652,0.3276,0.5961
797.0000,0.0037,0.5626,0.3480,0.0361,0.0495
798.0000,0.0037,0.0427,0.2032,0.3885,0.3619
799.0000,0.0059,0.0395,0.0840,0.2240,0.6466
800.0000,0.0052,0.2158,0.4372,0.2627,0.0791
801.0000,0.0054,0.3193,0.6278,0.0400,0.0075
802.0000,0.0017,0.8615,0.1177,0.0136,0.0054
803.0000,0.0811,0.1934,0.2789,0.1338,0.3129
804.0000,0.0044,0.3460,0.4383,0.1814,0.0300
805.0000,0.0034,0.6217,0.3172,0.0331,0.0247
806.0000,0.0026,0.3406,0.6048,0.0449,0.0070
807.0000,0.0033,0.0431,0.3035,0.5962,0.0539
808.0000,0.0130,0.0492,0.2754,0.2966,0.3658
809.0000,0.0041,0.5062,0.4515,0.0299,0.0084
810.0000,0.0101,0.2891,0.4897,0.1215,0.0896
811.0000,0.0037,0.3616,0.5374,0.0819,0.0154
812.0000,0.0223,0.4532,0.3489,0.1106,0.0651
813.0000,0.0078,0.0766,0.5505,0.3262,0.0388
814.0000,0.0075,0.0060,0.0448,0.2275,0.7142
815.0000,0.0039,0.4477,0.5057,0.0348,0.0079
816.0000,0.0047,0.0177,0.0813,0.6879,0.2084
817.0000,0.0036,0.1520,0.7681,0.0673,0.0091
818.0000,0.0030,0.4137,0.4741,0.0856,0.0236
819.0000,0.0055,0.1522,0.2959,0.3630,0.1833
820.0000,0.0036,0.8738,0.1034,0.0152,0.0040
821.0000,0.0039,0.4325,0.4146,0.0935,0.0555
822.0000,0.0074,0.5698,0.3069,0.0622,0.0536
823.0000,0.0076,0.0390,0.1201,0.3502,0.4831
824.0000,0.0272,0.1153,0.6158,0.1784,0.0632
825.0000,0.0053,0.2029,0.5425,0.2029,0.0464
826.0000,0.0044,0.3184,0.6412,0.0253,0.0108
827.0000,0.0113,0.0278,0.1059,0.3940,0.4611
828.0000,0.0039,0.6190,0.2959,0.0666,0.0146
829.0000,0.0340,0.1304,0.5599,0.2495,0.0262
830.0000,0.0042,0.4597,0.4919,0.0351,0.0092
831.0000,0.0028,0.4334,0.4992,0.0385,0.0262
832.0000,0.2260,0.4890,0.1656,0.0939,0.0255
833.0000,0.0042,0.1376,0.6707,0.1503,0.0372
834.0000,0.0097,0.0050,0.0288,0.1351,0.8215
835.0000,0.0033,0.4066,0.5509,0.0256,0.0136
836.0000,0.0014,0.9604,0.0286,0.0063,0.0033
837.0000,0.0037,0.6976,0.2533,0.0346,0.0109
838.0000,0.0047,0.3989,0.4833,0.0942,0.0190
839.0000,0.0035,0.4730,0.4539,0.0475,0.0221
840.0000,0.0019,0.7497,0.2277,0.0156,0.0050
841.0000,0.0024,0.7566,0.2241,0.0109,0.0060
842.0000,0.0028,0.2519,0.6621,0.0716,0.0116
843.0000,0.0037,0.1997,0.6348,0.1183,0.0435
844.0000,0.0045,0.2062,0.5735,0.1328,0.0830
845.0000,0.0031,0.7595,0.1816,0.0335,0.0222
846.0000,0.0140,0.1140,0.6601,0.1928,0.0192
847.0000,0.0090,0.4128,0.2419,0.2698,0.0665
848.0000,0.0079,0.0255,0.1960,0.3327,0.4378
849.0000,0.0027,0.4434,0.5250,0.0229,0.0060
850.0000,0.0035,0.2036,0.6905,0.0869,0.0155
851.0000,0.0026,0.3617,0.5997,0.0299,0.0061
852.0000,0.0023,0.7910,0.1925,0.0112,0.0030
853.0000,0.0030,0.5384,0.4040,0.0457,0.0087
854.0000,0.0155,0.5051,0.3662,0.0987,0.0146
855.0000,0.0067,0.1802,0.7689,0.0354,0.0089
856.0000,0.0052,0.1245,0.6241,0.2041,0.0421
857.0000,0.0020,0.6408,0.3219,0.0285,0.0068
858.0000,0.0091,0.3553,0.5292,0.0783,0.0281
859.0000,0.2689,0.0261,0.1499,0.3076,0.2475
860.0000,0.0043,0.6017,0.3662,0.0242,0.0036
861.0000,0.0034,0.5277,0.4211,0.0355,0.0123
862.0000,0.0026,0.6036,0.3191,0.0320,0.0428
863.0000,0.0033,0.7305,0.2452,0.0145,0.0065
864.0000,0.0059,0.5819,0.3629,0.0328,0.0164
865.0000,0.0050,0.1371,0.7218,0.1079,0.0283
866.0000,0.0057,0.4676,0.5082,0.0140,0.0045
867.0000,0.0046,0.5084,0.4102,0.0662,0.0106
868.0000,0.0018,0.8003,0.1722,0.0153,0.0104
869.0000,0.0042,0.0066,0.0825,0.6663,0.2403
870.0000,0.0799,0.1762,0.6002,0.0827,0.0610
871.0000,0.0074,0.6272,0.3254,0.0292,0.0109
872.0000,0.0038,0.0089,0.0330,0.1239,0.8305
873.0000,0.0024,0.8553,0.0831,0.0489,0.0103
874.0000,0.0044,0.3596,0.5446,0.0655,0.0259
875.0000,0.0032,0.2369,0.6836,0.0681,0.0081
876.0000,0.0048,0.4672,0.3212,0.1828,0.0240
877.0000,0.0034,0.7347,0.2188,0.0264,0.0167
878.0000,0.0060,0.3543,0.4802,0.1410,0.0184
879.0000,0.3858,0.0662,0.3450,0.1670,0.0361
880.0000,0.0069,0.2027,0.5961,0.1682,0.0261
881.0000,0.0045,0.4082,0.5402,0.0373,0.0098
882.0000,0.0181,0.1346,0.5436,0.2069,0.0968
883.0000,0.0042,0.4910,0.4501,0.0489,0.0059
884.0000,0.0038,0.1319,0.7072,0.1422,0.0149
885.0000,0.0064,0.4260,0.3409,0.1259,0.1008
886.0000,0.0043,0.5172,0.4259,0.0418,0.0108
887.0000,0.0032,0.0498,0.6286,0.2927,0.0257
888.0000,0.0052,0.1876,0.5299,0.2423,0.0351
889.0000,0.0041,0.5483,0.2839,0.0791,0.0846
890.0000,0.0027,0.6203,0.3258,0.0419,0.0094
891.0000,0.0037,0.7031,0.2627,0.0235,0.0070
892.0000,0.0086,0.1549,0.7024,0.1202,0.0138
893.0000,0.0134,0.2210,0.6260,0.1033,0.0364
894.0000,0.0055,0.6892,0.2653,0.0338,0.0061
895.0000,0.0028,0.0240,0.2312,0.6821,0.0598
896.0000,0.0044,0.4330,0.5233,0.0314,0.0080
897.0000,0.0051,0.0440,0.4624,0.4163,0.0723
898.0000,0.0140,0.3911,0.4160,0.0888,0.0901
899.0000,0.0042,0.1639,0.7832,0.0412,0.0075
900.0000,0.0017,0.9125,0.0634,0.0187,0.0037
901.0000,0.0079,0.2815,0.5565,0.1261,0.0280
902.0000,0.0013,0.8685,0.1058,0.0187,0.0057
903.0000,0.0068,0.3257,0.4805,0.0668,0.1202
904.0000,0.0066,0.1149,0.7657,0.0867,0.0262
905.0000,0.0017,0.8893,0.1002,0.0067,0.0021
906.0000,0.0045,0.1448,0.6836,0.1580,0.0091
907.0000,0.0055,0.3482,0.5541,0.0563,0.0360
908.0000,0.0069,0.1126,0.3951,0.4051,0.0803
