id,no answer,very important,quite important,not important,not at all important
0,0.0017,0.8255,0.1082,0.0487,0.0159
1,0.0067,0.0841,0.8317,0.0677,0.0097
2,0.0093,0.1349,0.4138,0.4224,0.0197
3,0.015,0.0908,0.6921,0.1446,0.0575
4,0.0032,0.2645,0.6381,0.0812,0.0131
5,0.0035,0.5823,0.3607,0.0459,0.0076
6,0.0019,0.7231,0.2069,0.0299,0.0382
7,0.0061,0.0244,0.2457,0.5008,0.223
8,0.0035,0.4219,0.4058,0.1292,0.0396
9,0.0035,0.831,0.1218,0.0322,0.0114
10,0.0044,0.4615,0.3694,0.1158,0.049
11,0.0071,0.0883,0.1668,0.4364,0.3013
12,0.0016,0.8222,0.1603,0.0134,0.0026
13,0.003,0.3412,0.6163,0.0305,0.0091
14,0.0025,0.1291,0.4696,0.3778,0.021
15,0.0036,0.4466,0.5177,0.0259,0.0063
16,0.0037,0.7948,0.1717,0.0257,0.0042
17,0.0041,0.0075,0.0742,0.8035,0.1107
18,0.0069,0.1713,0.7366,0.075,0.0102
19,0.0025,0.5285,0.3799,0.0608,0.0283
20,0.0727,0.1951,0.2961,0.2182,0.2179
21,0.0011,0.9233,0.0644,0.0086,0.0025
22,0.0073,0.1732,0.6201,0.1664,0.0331
23,0.004,0.4013,0.4911,0.0869,0.0168
24,0.0089,0.3493,0.5478,0.0737,0.0203
25,0.0037,0.2497,0.6388,0.0865,0.0212
26,0.0385,0.7213,0.1713,0.0421,0.0269
27,0.0122,0.086,0.6407,0.1754,0.0857
28,0.0029,0.257,0.5409,0.1736,0.0256
29,0.0353,0.296,0.6094,0.0478,0.0115
30,0.0052,0.0373,0.3228,0.3607,0.2741
31,0.0044,0.5415,0.41,0.0348,0.0093
32,0.001,0.9386,0.0511,0.007,0.0023
33,0.0044,0.2573,0.6515,0.0612,0.0257
34,0.0024,0.5988,0.3637,0.029,0.0061
35,0.0054,0.0601,0.2963,0.376,0.2622
36,0.0049,0.4087,0.534,0.044,0.0084
37,0.0035,0.8081,0.1501,0.0265,0.0118
38,0.0021,0.3077,0.6114,0.0717,0.0071
39,0.0032,0.3238,0.599,0.0637,0.0103
40,0.0026,0.6695,0.2947,0.0277,0.0055
41,0.0076,0.1271,0.3564,0.2982,0.2108
42,0.0038,0.2785,0.3916,0.2353,0.0908
43,0.0036,0.4444,0.4995,0.0455,0.0071
44,0.0045,0.4915,0.4339,0.0575,0.0126
45,0.0067,0.2024,0.3798,0.3216,0.0895
46,0.0022,0.4913,0.4739,0.027,0.0057
47,0.0023,0.6537,0.2953,0.0366,0.0121
48,0.0037,0.6673,0.2896,0.0341,0.0053
49,0.0098,0.8341,0.1231,0.0262,0.0068
50,0.0024,0.7338,0.2178,0.0313,0.0147
51,0.0027,0.6532,0.2733,0.043,0.0278
52,0.0066,0.3347,0.5887,0.0545,0.0156
53,0.0062,0.0589,0.4747,0.4139,0.0462
54,0.0035,0.1956,0.6424,0.1265,0.0319
55,0.0048,0.4812,0.4825,0.0243,0.0072
56,0.0068,0.104,0.7949,0.0798,0.0145
57,0.005,0.2613,0.5221,0.1984,0.0131
58,0.0062,0.285,0.4681,0.2056,0.0351
59,0.0034,0.4469,0.4843,0.0408,0.0247
60,0.0018,0.8305,0.1508,0.0117,0.0051
61,0.0044,0.0358,0.4641,0.3443,0.1515
62,0.0026,0.0822,0.641,0.2547,0.0195
63,0.0033,0.3358,0.5797,0.0714,0.0098
64,0.0224,0.4159,0.4045,0.1232,0.0341
65,0.0113,0.263,0.6664,0.0474,0.0118
66,0.014,0.1389,0.4967,0.3253,0.025
67,0.004,0.6383,0.2352,0.1066,0.0158
68,0.0046,0.4587,0.4939,0.0367,0.0061
69,0.0043,0.1172,0.7249,0.1352,0.0184
70,0.0043,0.3227,0.3364,0.289,0.0477
71,0.0052,0.4521,0.4563,0.0701,0.0163
72,0.0025,0.8917,0.0773,0.0146,0.014
73,0.0046,0.1815,0.6387,0.1422,0.033
74,0.0033,0.5465,0.3568,0.0659,0.0276
75,0.0034,0.6381,0.2779,0.0601,0.0205
76,0.0019,0.9128,0.076,0.0069,0.0024
77,0.0034,0.3994,0.3677,0.2057,0.0238
78,0.019,0.6918,0.1943,0.0551,0.0398
79,0.006,0.3195,0.6172,0.0489,0.0085
80,0.0029,0.573,0.3697,0.0403,0.0141
81,0.0034,0.6657,0.2864,0.0304,0.0142
82,0.0054,0.2441,0.5604,0.1083,0.0819
83,0.2098,0.4052,0.2791,0.0598,0.046
84,0.0155,0.1889,0.3384,0.2637,0.1934
85,0.0022,0.6888,0.2363,0.0535,0.0192
86,0.0022,0.7265,0.2075,0.0556,0.0082
87,0.0042,0.5309,0.433,0.0254,0.0065
88,0.0069,0.0337,0.2707,0.4827,0.206
89,0.0059,0.2346,0.2626,0.4352,0.0617
90,0.0037,0.5273,0.4209,0.0269,0.0213
91,0.0026,0.2197,0.5815,0.1299,0.0663
92,0.0067,0.1344,0.4894,0.3137,0.0558
93,0.0211,0.2019,0.395,0.291,0.0909
94,0.0038,0.5379,0.3565,0.0697,0.0321
95,0.0034,0.5933,0.368,0.0284,0.0069
96,0.0073,0.0586,0.4509,0.323,0.1602
97,0.0038,0.6434,0.2988,0.043,0.011
98,0.0057,0.0725,0.2007,0.6208,0.1003
99,0.0023,0.4775,0.467,0.0462,0.0069
100,0.0023,0.7183,0.2574,0.0173,0.0045
101,0.0051,0.1755,0.6343,0.1426,0.0425
102,0.0056,0.2753,0.2719,0.2486,0.1986
103,0.0085,0.0222,0.1723,0.236,0.561
104,0.005,0.0185,0.0732,0.5385,0.3648
105,0.0011,0.8709,0.1156,0.01,0.0024
106,0.0092,0.2553,0.5576,0.1632,0.0148
107,0.0068,0.6652,0.2899,0.0278,0.0103
108,0.0031,0.7183,0.2379,0.0357,0.0049
109,0.0055,0.5521,0.3015,0.1064,0.0344
110,0.0025,0.2332,0.6388,0.0907,0.0348
111,0.0026,0.7891,0.1844,0.0195,0.0044
112,0.0044,0.3161,0.6209,0.0497,0.0089
113,0.0032,0.0899,0.7687,0.1248,0.0133
114,0.0033,0.2364,0.5375,0.2079,0.015
115,0.0028,0.627,0.3295,0.0332,0.0076
116,0.0085,0.0278,0.3941,0.3962,0.1735
117,0.0066,0.0334,0.3554,0.3934,0.2112
118,0.0035,0.4623,0.4774,0.0426,0.0141
119,0.0051,0.0382,0.2656,0.3871,0.304
120,0.0023,0.7238,0.2569,0.0129,0.004
121,0.0055,0.4311,0.5035,0.0518,0.0082
122,0.0044,0.0085,0.1126,0.2407,0.6338
123,0.006,0.0284,0.255,0.4883,0.2223
124,0.0045,0.1402,0.5609,0.1964,0.098
125,0.0029,0.5641,0.3721,0.044,0.0169
126,0.0055,0.0484,0.3771,0.4191,0.1498
127,0.0029,0.4521,0.4888,0.0385,0.0178
128,0.0037,0.75,0.1817,0.0368,0.0278
129,0.0036,0.1039,0.6639,0.2036,0.025
130,0.0031,0.0865,0.5939,0.2824,0.0341
131,0.0057,0.1496,0.2789,0.1346,0.4312
132,0.003,0.7767,0.2028,0.0137,0.0037
133,0.0066,0.1419,0.5144,0.2119,0.1252
134,0.0126,0.3894,0.4702,0.0952,0.0326
135,0.0051,0.588,0.349,0.0484,0.0095
136,0.034,0.1679,0.3001,0.3191,0.1789
137,0.005,0.2085,0.7272,0.0472,0.0122
138,0.0034,0.3117,0.1514,0.289,0.2444
139,0.0052,0.1512,0.5178,0.2826,0.0432
140,0.01,0.2933,0.5928,0.0713,0.0325
141,0.0065,0.1625,0.6128,0.1834,0.0348
142,0.0027,0.5659,0.3908,0.0253,0.0152
143,0.0071,0.1725,0.6003,0.182,0.0381
144,0.0034,0.7629,0.1965,0.0266,0.0106
145,0.048,0.0604,0.2866,0.35,0.2551
146,0.0048,0.3459,0.5431,0.0693,0.0369
147,0.0219,0.185,0.6466,0.1062,0.0403
148,0.004,0.0499,0.5243,0.3939,0.0279
149,0.0074,0.4576,0.4183,0.0974,0.0193
150,0.0452,0.1188,0.5073,0.2855,0.0432
151,0.0041,0.0213,0.1998,0.3083,0.4665
152,0.0026,0.8201,0.1471,0.0195,0.0106
153,0.0026,0.5702,0.371,0.0481,0.0081
154,0.0015,0.853,0.1339,0.0087,0.0028
155,0.0098,0.0633,0.337,0.4657,0.1243
156,0.0049,0.2784,0.5938,0.0902,0.0326
157,0.0013,0.8545,0.124,0.0174,0.0028
158,0.0141,0.1644,0.6157,0.1655,0.0403
159,0.0111,0.0308,0.1703,0.5008,0.287
160,0.0243,0.4895,0.3631,0.1044,0.0186
161,0.0016,0.9136,0.0744,0.0074,0.003
162,0.0113,0.0449,0.1778,0.5112,0.2548
163,0.0044,0.4461,0.5104,0.0255,0.0136
164,0.0209,0.4975,0.3216,0.1287,0.0314
165,0.003,0.3023,0.6448,0.0406,0.0094
166,0.0039,0.6042,0.3035,0.0481,0.0402
167,0.0016,0.8062,0.1678,0.0151,0.0093
168,0.0027,0.3767,0.5414,0.0619,0.0174
169,0.0033,0.461,0.3088,0.1976,0.0294
170,0.0035,0.5958,0.3287,0.0563,0.0157
171,0.0027,0.4583,0.4505,0.0768,0.0117
172,0.0029,0.0678,0.7615,0.1578,0.01
173,0.0085,0.2347,0.6097,0.1022,0.0449
174,0.0042,0.0723,0.7243,0.153,0.0463
175,0.0135,0.1968,0.6425,0.1348,0.0124
176,0.0038,0.0208,0.296,0.5493,0.1301
177,0.0094,0.093,0.7843,0.0927,0.0207
178,0.0017,0.9155,0.0694,0.0087,0.0047
179,0.004,0.2729,0.6396,0.0526,0.0309
180,0.0041,0.3214,0.5699,0.0894,0.0152
181,0.0032,0.1842,0.605,0.1897,0.0179
182,0.0029,0.8696,0.111,0.0134,0.0031
183,0.0032,0.5411,0.4113,0.0363,0.0081
184,0.0037,0.0264,0.4102,0.4936,0.0661
185,0.0047,0.3094,0.6142,0.0426,0.029
186,0.0009,0.8981,0.0848,0.0109,0.0052
187,0.0027,0.5299,0.4372,0.0236,0.0065
188,0.0093,0.1664,0.569,0.2302,0.025
189,0.0015,0.8952,0.0789,0.0163,0.0081
190,0.0095,0.0573,0.376,0.4599,0.0973
191,0.0049,0.6784,0.2825,0.0184,0.0158
192,0.0097,0.1577,0.2662,0.3608,0.2055
193,0.005,0.0691,0.3682,0.4222,0.1355
194,0.0041,0.6369,0.2613,0.0732,0.0246
195,0.0121,0.0989,0.4173,0.3742,0.0976
196,0.0035,0.4769,0.4698,0.0416,0.0082
197,0.0036,0.8978,0.0805,0.0111,0.007
198,0.0141,0.0488,0.1704,0.6182,0.1485
199,0.0019,0.5513,0.3936,0.0345,0.0187
200,0.0131,0.0934,0.4285,0.275,0.1899
201,0.0048,0.0092,0.0632,0.2498,0.673
202,0.0057,0.5286,0.4111,0.0471,0.0075
203,0.0036,0.6858,0.2842,0.0162,0.0102
204,0.0053,0.6319,0.3189,0.0265,0.0173
205,0.0033,0.1572,0.5428,0.2593,0.0373
206,0.0055,0.5231,0.3388,0.0708,0.0619
207,0.0032,0.3381,0.6217,0.0311,0.0058
208,0.0072,0.1625,0.5799,0.1703,0.0801
209,0.0042,0.3104,0.5942,0.0674,0.0239
210,0.0036,0.5656,0.2041,0.1628,0.0638
211,0.0034,0.1188,0.4154,0.2973,0.1651
212,0.0033,0.0113,0.0963,0.7067,0.1823
213,0.0126,0.2579,0.4798,0.2327,0.0169
214,0.0034,0.1275,0.5724,0.2698,0.0269
215,0.0064,0.1674,0.7383,0.0749,0.0129
216,0.0028,0.0161,0.1086,0.5135,0.3589
217,0.0019,0.8272,0.1517,0.0158,0.0034
218,0.0017,0.8238,0.1534,0.0172,0.004
219,0.0027,0.7029,0.2481,0.0339,0.0123
220,0.0039,0.0493,0.1268,0.5299,0.2902
221,0.0023,0.7537,0.1622,0.0649,0.017
222,0.0065,0.1714,0.4448,0.1849,0.1924
223,0.0022,0.7596,0.2021,0.0271,0.009
224,0.0044,0.0085,0.0658,0.4555,0.4658
225,0.0038,0.2497,0.6148,0.1063,0.0254
226,0.0082,0.3281,0.5195,0.1082,0.036
227,0.0049,0.276,0.5667,0.1289,0.0235
228,0.1167,0.7569,0.0925,0.0219,0.012
229,0.0021,0.5993,0.3109,0.0784,0.0093
230,0.0048,0.2311,0.4706,0.2085,0.085
231,0.0037,0.092,0.5434,0.335,0.0259
232,0.0014,0.8631,0.1133,0.0146,0.0077
233,0.0121,0.1481,0.434,0.2365,0.1693
234,0.0055,0.0454,0.3393,0.4114,0.1983
235,0.0025,0.0418,0.3699,0.4759,0.1099
236,0.0042,0.0896,0.7067,0.1884,0.011
237,0.0024,0.8912,0.0871,0.0156,0.0037
238,0.0041,0.1766,0.6592,0.1392,0.021
239,0.003,0.6108,0.3245,0.031,0.0307
240,0.0056,0.0904,0.6619,0.2273,0.0148
241,0.0249,0.597,0.2785,0.064,0.0356
242,0.0048,0.7439,0.2317,0.0155,0.004
243,0.0019,0.5308,0.3457,0.093,0.0287
244,0.0026,0.753,0.1983,0.035,0.0111
245,0.0044,0.4942,0.4479,0.0338,0.0197
246,0.0012,0.9411,0.0413,0.0103,0.0061
247,0.0097,0.6846,0.1897,0.0929,0.0231
248,0.0055,0.4127,0.4484,0.0546,0.0789
249,0.0032,0.1109,0.6591,0.2123,0.0146
250,0.0052,0.265,0.6818,0.0412,0.0069
251,0.0047,0.8148,0.1579,0.0185,0.0041
252,0.0036,0.5535,0.4122,0.0253,0.0054
253,0.0041,0.2859,0.5081,0.1821,0.0198
254,0.0047,0.1087,0.4987,0.1953,0.1926
255,0.005,0.5855,0.3077,0.0492,0.0527
256,0.0014,0.9344,0.0458,0.0086,0.0098
257,0.0127,0.0348,0.2547,0.3533,0.3444
258,0.0023,0.814,0.1535,0.0165,0.0137
259,0.0036,0.7286,0.2012,0.0384,0.0282
260,0.0045,0.0668,0.3681,0.3481,0.2125
261,0.0029,0.6517,0.2825,0.0536,0.0093
262,0.0027,0.5835,0.3265,0.0546,0.0326
263,0.0076,0.0525,0.4581,0.357,0.1249
264,0.0099,0.0524,0.447,0.2829,0.2078
265,0.0057,0.0832,0.2489,0.2816,0.3806
266,0.0033,0.0982,0.501,0.3012,0.0964
267,0.0041,0.4683,0.4825,0.0376,0.0074
268,0.0021,0.4469,0.483,0.0599,0.0081
269,0.0023,0.5798,0.3832,0.0307,0.0039
270,0.0057,0.3354,0.5582,0.056,0.0447
271,0.0025,0.6956,0.248,0.0339,0.02
272,0.0025,0.6095,0.3115,0.0518,0.0248
273,0.0181,0.4244,0.4219,0.083,0.0526
274,0.0057,0.0112,0.1602,0.4146,0.4084
275,0.0026,0.6075,0.3275,0.0398,0.0226
276,0.004,0.642,0.3367,0.0136,0.0036
277,0.003,0.7383,0.2326,0.0206,0.0055
278,0.002,0.6358,0.3198,0.0378,0.0047
279,0.0045,0.3835,0.5266,0.0614,0.0241
280,0.003,0.6511,0.2709,0.0574,0.0176
281,0.008,0.3276,0.6177,0.0339,0.0127
282,0.0101,0.0983,0.4234,0.2744,0.1938
283,0.018,0.6132,0.2732,0.0737,0.0219
284,0.0026,0.6007,0.3617,0.0291,0.0059
285,0.01,0.1932,0.6094,0.1583,0.0291
286,0.0028,0.7821,0.201,0.0104,0.0038
287,0.0964,0.4414,0.3926,0.0509,0.0186
288,0.0037,0.019,0.1697,0.3877,0.4199
289,0.0054,0.1869,0.7039,0.0931,0.0107
290,0.0046,0.1515,0.4302,0.3642,0.0495
291,0.0102,0.0832,0.5382,0.2354,0.1331
292,0.0151,0.0366,0.3162,0.2943,0.3378
293,0.0063,0.7292,0.1981,0.0513,0.0152
294,0.0075,0.171,0.563,0.206,0.0524
295,0.2333,0.0434,0.1202,0.2515,0.3516
296,0.0039,0.2152,0.5159,0.2009,0.0641
297,0.0061,0.8439,0.1154,0.022,0.0127
298,0.0099,0.2051,0.4926,0.2478,0.0446
299,0.0025,0.3701,0.5666,0.052,0.0088
300,0.0047,0.2172,0.6291,0.1156,0.0334
301,0.0058,0.0844,0.5977,0.2773,0.0347
302,0.1339,0.0381,0.1107,0.2131,0.5042
303,0.004,0.0663,0.3745,0.5148,0.0403
304,0.0058,0.0608,0.4699,0.3587,0.1049
305,0.0034,0.3512,0.5706,0.0618,0.013
306,0.0023,0.6773,0.2735,0.0277,0.0192
307,0.0013,0.9442,0.0424,0.0071,0.005
308,0.0006,0.9336,0.0595,0.0051,0.0012
309,0.0028,0.4193,0.5314,0.0401,0.0063
310,0.0123,0.0794,0.4657,0.399,0.0436
311,0.0033,0.7118,0.2412,0.031,0.0127
312,0.0109,0.3589,0.5526,0.0598,0.0177
313,0.0676,0.4259,0.3694,0.1208,0.0163
314,0.0038,0.383,0.5056,0.0964,0.0112
315,0.0028,0.4431,0.2801,0.1925,0.0815
316,0.0022,0.8529,0.1308,0.0112,0.0029
317,0.0061,0.101,0.6486,0.2093,0.0351
318,0.0025,0.4973,0.4741,0.0207,0.0054
319,0.0099,0.2473,0.4957,0.1964,0.0507
320,0.0025,0.303,0.6407,0.0421,0.0116
321,0.0067,0.1645,0.6333,0.1644,0.0311
322,0.0042,0.1422,0.7663,0.076,0.0114
323,0.0018,0.5631,0.36,0.0593,0.0158
324,0.0842,0.1492,0.4213,0.2897,0.0555
325,0.0017,0.523,0.4077,0.0479,0.0197
326,0.0061,0.7453,0.186,0.0245,0.0381
327,0.0023,0.7251,0.2003,0.0664,0.006
328,0.0097,0.4441,0.4709,0.0501,0.0252
329,0.0088,0.2468,0.6783,0.0589,0.0073
330,0.0023,0.7955,0.1721,0.0256,0.0045
331,0.0097,0.2411,0.5127,0.2024,0.0341
332,0.0037,0.2472,0.6876,0.0529,0.0087
333,0.0041,0.4777,0.4377,0.0727,0.0078
334,0.0079,0.0078,0.0483,0.4243,0.5117
335,0.003,0.5442,0.4216,0.0227,0.0085
336,0.0049,0.4446,0.5187,0.0221,0.0098
337,0.0033,0.4966,0.4646,0.0264,0.009
338,0.0108,0.1518,0.7011,0.1257,0.0106
339,0.002,0.8617,0.1026,0.0244,0.0093
340,0.0052,0.2118,0.627,0.1341,0.022
341,0.0036,0.3244,0.607,0.0575,0.0074
342,0.002,0.8867,0.0951,0.0117,0.0045
343,0.0045,0.4504,0.4454,0.0804,0.0193
344,0.0024,0.7202,0.2064,0.0466,0.0244
345,0.0048,0.094,0.6786,0.2063,0.0164
346,0.0062,0.4423,0.3193,0.1642,0.068
347,0.0079,0.0056,0.0212,0.1414,0.8239
348,0.0024,0.7701,0.1926,0.022,0.013
349,0.0035,0.1343,0.6883,0.1619,0.012
350,0.0126,0.6433,0.2601,0.0515,0.0325
351,0.003,0.0809,0.5681,0.2705,0.0775
352,0.0034,0.661,0.3013,0.0286,0.0057
353,0.0032,0.5977,0.3693,0.0246,0.0052
354,0.0065,0.0082,0.0348,0.1664,0.784
355,0.0055,0.3729,0.5123,0.0963,0.013
356,0.0147,0.0605,0.4445,0.3514,0.1289
357,0.0124,0.6448,0.2805,0.0478,0.0145
358,0.0032,0.7997,0.1584,0.0325,0.0062
359,0.0019,0.8971,0.08,0.0133,0.0077
360,0.0015,0.8643,0.1189,0.012,0.0033
361,0.0024,0.8777,0.1063,0.0111,0.0025
362,0.0171,0.5569,0.3701,0.0402,0.0158
363,0.0022,0.8726,0.1092,0.0128,0.0032
364,0.0124,0.1781,0.5403,0.2035,0.0657
365,0.0022,0.7142,0.2704,0.0104,0.0028
366,0.0083,0.3561,0.5638,0.0597,0.0121
367,0.0027,0.0115,0.1524,0.2352,0.5982
368,0.0045,0.6301,0.3221,0.0358,0.0075
369,0.002,0.8495,0.1323,0.0133,0.0029
370,0.0042,0.394,0.4618,0.0893,0.0507
371,0.0057,0.409,0.4907,0.0695,0.0251
372,0.0036,0.6704,0.2305,0.0714,0.024
373,0.004,0.7222,0.216,0.0497,0.008
374,0.0042,0.5871,0.2715,0.0896,0.0477
375,0.0129,0.0998,0.3558,0.3621,0.1694
376,0.0063,0.1416,0.606,0.2225,0.0236
377,0.0042,0.4135,0.5517,0.0247,0.0058
378,0.0038,0.1651,0.633,0.1398,0.0583
379,0.0094,0.1242,0.6981,0.1384,0.0299
380,0.0051,0.0448,0.4782,0.2922,0.1798
381,0.0032,0.1704,0.7672,0.0488,0.0105
382,0.0139,0.0772,0.4769,0.3991,0.0328
383,0.0069,0.4162,0.5405,0.0259,0.0105
384,0.0111,0.1878,0.3514,0.359,0.0907
385,0.002,0.781,0.1757,0.034,0.0073
386,0.0071,0.0732,0.3837,0.3563,0.1797
387,0.0066,0.0701,0.3242,0.394,0.2051
388,0.0063,0.0275,0.5634,0.3379,0.0649
389,0.0085,0.095,0.6192,0.1966,0.0808
390,0.0122,0.1436,0.6773,0.1332,0.0337
391,0.0052,0.2394,0.2649,0.2052,0.2853
392,0.0068,0.0551,0.4919,0.4281,0.0181
393,0.0038,0.1382,0.6774,0.1529,0.0276
394,0.0018,0.8086,0.1757,0.0112,0.0028
395,0.0034,0.0774,0.1209,0.2529,0.5454
396,0.0023,0.7153,0.2282,0.0304,0.0237
397,0.0024,0.5719,0.3291,0.0616,0.035
398,0.0019,0.7333,0.2422,0.0152,0.0073
399,0.0032,0.1385,0.2992,0.1672,0.3919
400,0.0023,0.5989,0.3449,0.0262,0.0277
401,0.004,0.2364,0.5987,0.1265,0.0345
402,0.0025,0.4763,0.4517,0.0417,0.0278
403,0.0035,0.4106,0.541,0.0323,0.0126
404,0.0042,0.6239,0.2527,0.056,0.0632
405,0.0033,0.5902,0.2834,0.0485,0.0745
406,0.0037,0.3239,0.4647,0.1932,0.0146
407,0.003,0.2721,0.4796,0.2245,0.0209
408,0.0031,0.0371,0.2939,0.5863,0.0797
409,0.0068,0.2413,0.6892,0.054,0.0086
410,0.0026,0.7818,0.1927,0.0147,0.0082
411,0.0024,0.7171,0.2135,0.0301,0.0369
412,0.0151,0.0236,0.0555,0.6796,0.2262
413,0.0012,0.8475,0.1364,0.0116,0.0033
414,0.0029,0.1255,0.3509,0.4674,0.0533
415,0.0142,0.2283,0.4843,0.1577,0.1154
416,0.0032,0.3794,0.5484,0.059,0.01
417,0.0073,0.0514,0.4084,0.4792,0.0537
418,0.0014,0.8107,0.1589,0.0157,0.0133
419,0.0116,0.0635,0.341,0.4548,0.129
420,0.0039,0.1749,0.5318,0.1371,0.1523
421,0.0039,0.3573,0.4366,0.0905,0.1117
422,0.0037,0.3158,0.5609,0.0988,0.0208
423,0.0034,0.4451,0.5187,0.0284,0.0045
424,0.0064,0.2025,0.595,0.1856,0.0105
425,0.0215,0.2154,0.3498,0.3816,0.0317
426,0.0025,0.4388,0.4132,0.0863,0.0593
427,0.0028,0.4292,0.5027,0.0569,0.0084
428,0.0023,0.5403,0.3989,0.0528,0.0057
429,0.0091,0.178,0.3605,0.2764,0.176
430,0.0018,0.7413,0.2028,0.0294,0.0248
431,0.0028,0.6659,0.275,0.0378,0.0184
432,0.0032,0.0282,0.5859,0.3494,0.0333
433,0.0145,0.0861,0.412,0.1843,0.3032
434,0.002,0.8929,0.0922,0.01,0.0029
435,0.0071,0.2567,0.6246,0.0944,0.0172
436,0.0036,0.2638,0.6096,0.1059,0.0171
437,0.0105,0.0619,0.1702,0.2237,0.5337
438,0.0058,0.6707,0.2909,0.0283,0.0044
439,0.0044,0.3399,0.4261,0.1301,0.0995
440,0.0032,0.5514,0.2942,0.128,0.0231
441,0.0023,0.217,0.6945,0.072,0.0143
442,0.0052,0.0544,0.4101,0.3499,0.1804
443,0.0039,0.3935,0.5647,0.0319,0.006
444,0.0186,0.4303,0.4512,0.0909,0.009
445,0.0053,0.4595,0.5026,0.0231,0.0095
446,0.0032,0.6286,0.2998,0.042,0.0264
447,0.0283,0.0274,0.1955,0.6416,0.1073
448,0.0073,0.0294,0.2338,0.3945,0.3349
449,0.0071,0.4415,0.4324,0.1107,0.0083
450,0.0028,0.4835,0.4497,0.0419,0.0222
451,0.0022,0.619,0.3267,0.0291,0.0229
452,0.0067,0.0781,0.4651,0.3607,0.0895
453,0.0068,0.2434,0.6152,0.1244,0.0102
454,0.0036,0.2488,0.6076,0.1187,0.0213
455,0.0065,0.4457,0.339,0.0743,0.1345
456,0.0021,0.6652,0.2802,0.0304,0.0221
457,0.0112,0.3616,0.5796,0.0415,0.0061
458,0.0176,0.1549,0.4959,0.316,0.0157
459,0.0023,0.7123,0.2395,0.0358,0.0101
460,0.0038,0.4766,0.3644,0.0775,0.0778
461,0.0099,0.1176,0.5728,0.2223,0.0774
462,0.0017,0.7014,0.2812,0.0108,0.005
463,0.0023,0.4877,0.4822,0.0199,0.0079
464,0.003,0.6389,0.3046,0.0399,0.0136
465,0.0042,0.3402,0.3559,0.1942,0.1055
466,0.003,0.5327,0.4173,0.0362,0.0108
467,0.0023,0.4365,0.5026,0.0461,0.0125
468,0.0038,0.1793,0.5541,0.2458,0.017
469,0.0024,0.6219,0.3497,0.0218,0.0041
470,0.0056,0.2138,0.7066,0.057,0.0171
471,0.0056,0.0148,0.0841,0.5739,0.3215
472,0.0031,0.6045,0.344,0.0374,0.011
473,0.003,0.6046,0.2852,0.0546,0.0527
474,0.0044,0.1717,0.7158,0.0999,0.0083
475,0.0031,0.2727,0.6577,0.0557,0.0107
476,0.0019,0.9089,0.075,0.01,0.0042
477,0.0029,0.1379,0.6713,0.1637,0.0243
478,0.0015,0.9318,0.0499,0.0111,0.0056
479,0.0041,0.1511,0.7338,0.0809,0.0302
480,0.0033,0.0439,0.4461,0.4738,0.0328
481,0.0064,0.2183,0.5886,0.1673,0.0195
482,0.0055,0.258,0.6286,0.0928,0.0151
483,0.006,0.4775,0.4546,0.0448,0.017
484,0.0034,0.0063,0.0377,0.13,0.8226
485,0.0028,0.493,0.4739,0.0249,0.0054
486,0.0038,0.4668,0.35,0.1616,0.0178
487,0.0032,0.4631,0.4826,0.0442,0.0068
488,0.0093,0.2275,0.6651,0.0798,0.0182
489,0.0028,0.4634,0.5011,0.0244,0.0083
490,0.0017,0.8653,0.1198,0.0108,0.0025
491,0.0057,0.4153,0.5373,0.0316,0.0101
492,0.0029,0.2959,0.5141,0.177,0.0101
493,0.0119,0.273,0.3305,0.3091,0.0756
494,0.037,0.0496,0.127,0.5643,0.2221
495,0.0121,0.0531,0.5201,0.3318,0.0829
496,0.0058,0.1031,0.6623,0.1739,0.0548
497,0.0038,0.5399,0.4034,0.0431,0.0098
498,0.0017,0.8016,0.1537,0.0246,0.0184
499,0.0037,0.247,0.6597,0.0792,0.0103
500,0.0058,0.1039,0.5281,0.3407,0.0215
501,0.0031,0.6468,0.3239,0.0202,0.006
502,0.0059,0.0809,0.4673,0.4172,0.0287
503,0.0715,0.17,0.5145,0.2153,0.0287
504,0.0041,0.5408,0.396,0.0399,0.0192
505,0.0049,0.4489,0.4724,0.0663,0.0075
506,0.0026,0.3694,0.5511,0.0666,0.0104
507,0.0048,0.8007,0.1622,0.0272,0.0051
508,0.0047,0.6888,0.265,0.0282,0.0133
509,0.0028,0.6742,0.291,0.0274,0.0046
510,0.0137,0.4058,0.4426,0.1055,0.0324
511,0.003,0.5138,0.4401,0.0362,0.007
512,0.0129,0.0982,0.4916,0.2915,0.1057
513,0.0035,0.275,0.6479,0.0617,0.0119
514,0.0042,0.1563,0.5635,0.2394,0.0366
515,0.0045,0.0216,0.1546,0.2127,0.6066
516,0.0032,0.5124,0.4255,0.05,0.0089
517,0.0044,0.132,0.8135,0.0407,0.0094
518,0.0039,0.6737,0.2764,0.0419,0.0041
519,0.0055,0.6691,0.297,0.0214,0.0071
520,0.0054,0.35,0.5029,0.1279,0.0138
521,0.0041,0.2012,0.7216,0.0619,0.0112
522,0.0043,0.549,0.4225,0.0205,0.0037
523,0.0049,0.3846,0.5639,0.0375,0.009
524,0.0107,0.2068,0.5388,0.2211,0.0226
525,0.0176,0.4843,0.2519,0.1715,0.0747
526,0.0023,0.704,0.2751,0.0153,0.0033
527,0.0044,0.2537,0.635,0.0946,0.0124
528,0.0056,0.1608,0.5276,0.2847,0.0213
529,0.0738,0.0275,0.0621,0.2219,0.6147
530,0.0036,0.1421,0.6064,0.213,0.0348
531,0.0055,0.0694,0.4835,0.3504,0.0912
532,0.008,0.3124,0.6406,0.0294,0.0096
533,0.0047,0.411,0.5567,0.0204,0.0073
534,0.0083,0.2761,0.4537,0.194,0.068
535,0.0047,0.406,0.543,0.0394,0.0069
536,0.001,0.8557,0.1293,0.0117,0.0024
537,0.0049,0.5977,0.3583,0.0344,0.0047
538,0.0044,0.2909,0.6453,0.0482,0.0112
539,0.0063,0.4877,0.412,0.0847,0.0094
540,0.0041,0.6526,0.2763,0.0323,0.0348
541,0.0041,0.3739,0.5112,0.0817,0.0291
542,0.0049,0.0636,0.5086,0.3609,0.062
543,0.005,0.1845,0.26,0.4644,0.0861
544,0.0039,0.3488,0.5726,0.0631,0.0116
545,0.0023,0.4012,0.5664,0.0241,0.006
546,0.0069,0.05,0.3186,0.3503,0.2742
547,0.0074,0.1951,0.291,0.3766,0.1298
548,0.0035,0.567,0.4044,0.0209,0.0042
549,0.0121,0.0297,0.2392,0.335,0.384
550,0.0135,0.0174,0.1058,0.6674,0.1958
551,0.0057,0.3288,0.6346,0.0256,0.0053
552,0.0023,0.5645,0.4119,0.0179,0.0034
553,0.0035,0.0888,0.6673,0.2257,0.0146
554,0.0048,0.5757,0.26,0.1304,0.0292
555,0.013,0.3123,0.4837,0.1146,0.0765
556,0.0033,0.7397,0.2176,0.0281,0.0113
557,0.0039,0.3778,0.5246,0.0826,0.0112
558,0.0033,0.251,0.6216,0.1031,0.021
559,0.0242,0.0971,0.2689,0.5315,0.0782
560,0.0017,0.8343,0.1459,0.0152,0.0029
561,0.0047,0.2067,0.6876,0.0877,0.0132
562,0.004,0.2795,0.6329,0.063,0.0206
563,0.0039,0.3066,0.6257,0.0525,0.0113
564,0.0043,0.7594,0.2191,0.0139,0.0033
565,0.0014,0.9012,0.0887,0.0062,0.0025
566,0.0029,0.8549,0.1309,0.0084,0.0028
567,0.0035,0.3772,0.5009,0.0845,0.0339
568,0.0034,0.7831,0.1912,0.0174,0.005
569,0.0024,0.8508,0.1346,0.0101,0.0021
570,0.0018,0.8262,0.149,0.0188,0.0041
571,0.0041,0.303,0.6315,0.0526,0.0087
572,0.0032,0.5786,0.3578,0.0407,0.0198
573,0.0052,0.4883,0.463,0.0338,0.0098
574,0.0034,0.3866,0.4967,0.0722,0.0411
575,0.0034,0.2658,0.6475,0.0598,0.0235
576,0.0043,0.4115,0.5286,0.0438,0.0118
577,0.0025,0.8065,0.1642,0.0225,0.0044
578,0.0029,0.3491,0.5553,0.0781,0.0145
579,0.0046,0.0237,0.3142,0.59,0.0675
580,0.0044,0.0656,0.3851,0.4965,0.0483
581,0.0065,0.2365,0.4708,0.2072,0.079
582,0.0066,0.3413,0.2803,0.196,0.1757
583,0.0044,0.2232,0.6896,0.0706,0.0122
584,0.0057,0.2134,0.5752,0.1862,0.0195
585,0.0046,0.0258,0.3811,0.5038,0.0847
586,0.0082,0.1854,0.6497,0.1397,0.017
587,0.004,0.6244,0.2952,0.0373,0.0391
588,0.0011,0.8811,0.1044,0.0105,0.0029
589,0.0035,0.4934,0.4795,0.0181,0.0055
590,0.007,0.0287,0.1279,0.1891,0.6473
591,0.0025,0.6178,0.2489,0.0731,0.0576
592,0.0063,0.1389,0.5786,0.1827,0.0935
593,0.0071,0.5361,0.3417,0.0749,0.0402
594,0.0067,0.0855,0.4299,0.4429,0.035
595,0.0283,0.289,0.5228,0.1113,0.0486
596,0.0183,0.1858,0.5196,0.1304,0.1459
597,0.0012,0.8762,0.106,0.0118,0.0048
598,0.015,0.0507,0.1064,0.2559,0.572
599,0.0039,0.0254,0.4738,0.4115,0.0854
600,0.0046,0.4492,0.4929,0.0427,0.0106
601,0.0162,0.2287,0.6022,0.1279,0.025
602,0.0049,0.4413,0.4327,0.0766,0.0445
603,0.0071,0.3253,0.4495,0.1074,0.1108
604,0.0048,0.5116,0.4619,0.0178,0.0039
605,0.2162,0.1474,0.2639,0.2598,0.1127
606,0.0607,0.1273,0.1718,0.4983,0.1418
607,0.0045,0.7785,0.1443,0.0569,0.0158
608,0.0036,0.5116,0.4286,0.0487,0.0074
609,0.0029,0.6534,0.3036,0.0261,0.0139
610,0.002,0.74,0.1866,0.0605,0.0108
611,0.0025,0.5018,0.444,0.0436,0.0081
612,0.0023,0.628,0.3393,0.0208,0.0096
613,0.0289,0.4344,0.3919,0.0743,0.0705
614,0.0069,0.1053,0.5505,0.3091,0.0282
615,0.0017,0.8284,0.1522,0.0133,0.0043
616,0.0041,0.1285,0.6591,0.1846,0.0236
617,0.0058,0.1524,0.396,0.2502,0.1956
618,0.0009,0.8852,0.0982,0.0134,0.0024
619,0.0091,0.0989,0.6993,0.1495,0.0431
620,0.0099,0.0422,0.4591,0.3615,0.1272
621,0.0023,0.8431,0.1284,0.0216,0.0046
622,0.0082,0.3444,0.6014,0.0397,0.0064
623,0.0028,0.3315,0.5849,0.0557,0.0251
624,0.0049,0.712,0.22,0.0482,0.015
625,0.0014,0.7235,0.256,0.0155,0.0036
626,0.0045,0.5045,0.3903,0.086,0.0146
627,0.0029,0.4233,0.3342,0.1411,0.0984
628,0.0034,0.5914,0.384,0.0172,0.0041
629,0.0038,0.6036,0.3639,0.0229,0.0058
630,0.0051,0.2458,0.6582,0.0733,0.0176
631,0.0043,0.1838,0.7351,0.0648,0.0119
632,0.0025,0.5405,0.43,0.0222,0.0047
633,0.0048,0.1708,0.6247,0.1689,0.0308
634,0.0085,0.3843,0.5337,0.0636,0.0099
635,0.0044,0.2621,0.6814,0.0338,0.0183
636,0.0036,0.4047,0.5643,0.0214,0.006
637,0.0016,0.8053,0.1546,0.0315,0.007
638,0.0024,0.7728,0.18,0.034,0.0107
639,0.0032,0.2524,0.6479,0.0865,0.01
640,0.0032,0.326,0.622,0.042,0.0068
641,0.0063,0.1725,0.6725,0.1334,0.0153
642,0.004,0.3117,0.6081,0.0635,0.0128
643,0.0034,0.5603,0.4036,0.0263,0.0065
644,0.0039,0.5097,0.4642,0.0172,0.005
645,0.0018,0.884,0.0974,0.014,0.0028
646,0.0041,0.026,0.1198,0.637,0.2131
647,0.0013,0.8929,0.0914,0.0127,0.0016
648,0.0033,0.285,0.6391,0.063,0.0096
649,0.004,0.333,0.5789,0.0746,0.0095
650,0.0035,0.0459,0.4072,0.4744,0.069
651,0.003,0.5006,0.4654,0.0252,0.0058
652,0.0153,0.5859,0.2662,0.0924,0.0401
653,0.0037,0.7254,0.1874,0.0489,0.0346
654,0.0015,0.8514,0.127,0.0167,0.0034
655,0.0045,0.2662,0.5905,0.0918,0.047
656,0.0081,0.0437,0.3669,0.3242,0.2571
657,0.0034,0.6353,0.3418,0.0154,0.0041
658,0.0046,0.4554,0.4885,0.0412,0.0103
659,0.0055,0.4432,0.4786,0.0598,0.0129
660,0.0029,0.6705,0.3062,0.016,0.0044
661,0.0035,0.4625,0.4644,0.0579,0.0118
662,0.0027,0.1507,0.7687,0.0641,0.0138
663,0.0051,0.3685,0.5749,0.0432,0.0084
664,0.0026,0.8953,0.0847,0.0139,0.0035
665,0.004,0.3478,0.5973,0.0442,0.0067
666,0.0012,0.8631,0.1153,0.0166,0.0038
667,0.0051,0.7895,0.1797,0.0216,0.0041
668,0.0035,0.5864,0.3402,0.0617,0.0082
669,0.0059,0.2928,0.5858,0.0989,0.0167
670,0.0024,0.6555,0.3181,0.0188,0.0052
671,0.0068,0.6498,0.2987,0.0295,0.0153
672,0.008,0.1951,0.5773,0.2013,0.0183
673,0.003,0.5359,0.4033,0.0363,0.0215
674,0.0198,0.491,0.3741,0.0969,0.0182
675,0.0031,0.0431,0.3326,0.3796,0.2415
676,0.0015,0.8921,0.0911,0.0126,0.0028
677,0.0053,0.5554,0.4188,0.0129,0.0075
678,0.009,0.1084,0.663,0.187,0.0326
679,0.013,0.5896,0.2485,0.127,0.0218
680,0.0045,0.4706,0.3669,0.1345,0.0235
681,0.0162,0.1108,0.5936,0.2457,0.0337
682,0.0025,0.5935,0.3108,0.0548,0.0385
683,0.0025,0.4855,0.4231,0.0631,0.0258
684,0.0074,0.1337,0.7458,0.1031,0.01
685,0.0028,0.3446,0.6189,0.028,0.0057
686,0.0036,0.3843,0.4796,0.0848,0.0476
687,0.0021,0.736,0.2435,0.0143,0.0043
688,0.0414,0.1419,0.3502,0.2721,0.1944
689,0.0046,0.6719,0.2847,0.0317,0.0071
690,0.0012,0.8641,0.1228,0.0099,0.002
691,0.0023,0.5255,0.4378,0.028,0.0065
692,0.2508,0.1036,0.4172,0.1748,0.0536
693,0.0035,0.7537,0.207,0.0265,0.0093
694,0.0203,0.1261,0.2605,0.3231,0.27
695,0.003,0.5997,0.3645,0.027,0.0057
696,0.0017,0.7926,0.1852,0.017,0.0035
697,0.0028,0.0297,0.0647,0.2728,0.6299
698,0.0033,0.3817,0.502,0.1053,0.0077
699,0.0046,0.5013,0.3143,0.1498,0.03
700,0.0029,0.4757,0.3856,0.1142,0.0216
701,0.002,0.7494,0.1655,0.0752,0.008
702,0.0026,0.8159,0.151,0.0262,0.0043
703,0.0025,0.4588,0.4135,0.0898,0.0355
704,0.0029,0.2465,0.7062,0.0364,0.008
705,0.0034,0.6167,0.3396,0.0325,0.0078
706,0.009,0.1112,0.6023,0.1957,0.0818
707,0.0065,0.3905,0.4434,0.1113,0.0482
708,0.0034,0.3414,0.5863,0.057,0.0119
709,0.0112,0.0593,0.4792,0.2826,0.1678
710,0.0044,0.1935,0.4396,0.3273,0.0353
711,0.0023,0.49,0.4884,0.0158,0.0035
712,0.0044,0.2,0.6594,0.1237,0.0124
713,0.0031,0.0549,0.207,0.4338,0.3012
714,0.0036,0.1399,0.6175,0.1792,0.0598
715,0.0024,0.6833,0.2923,0.0183,0.0038
716,0.0032,0.3468,0.5832,0.0591,0.0076
717,0.0068,0.0291,0.1709,0.678,0.1153
718,0.0068,0.5494,0.3601,0.0682,0.0155
719,0.0027,0.6563,0.283,0.0346,0.0235
720,0.0069,0.6935,0.2725,0.0187,0.0083
721,0.0044,0.3948,0.5612,0.0177,0.0219
722,0.0025,0.5995,0.3706,0.0202,0.0071
723,0.007,0.3608,0.5869,0.0351,0.0103
724,0.0049,0.0723,0.4007,0.4652,0.0569
725,0.0062,0.4383,0.5078,0.0352,0.0124
726,0.0086,0.0986,0.2397,0.5013,0.1519
727,0.0042,0.0573,0.6029,0.3213,0.0143
728,0.0073,0.2903,0.5476,0.1276,0.0272
729,0.0034,0.3057,0.6394,0.0435,0.008
730,0.0048,0.3885,0.5533,0.0461,0.0073
731,0.0037,0.4888,0.3583,0.1222,0.027
732,0.0041,0.3833,0.5623,0.0399,0.0104
733,0.0023,0.0061,0.0236,0.1579,0.8102
734,0.0067,0.1843,0.6469,0.1072,0.055
735,0.0036,0.0633,0.6207,0.2874,0.025
736,0.0076,0.0456,0.6661,0.2511,0.0297
737,0.0058,0.212,0.6537,0.1063,0.0222
738,0.0035,0.171,0.4801,0.2943,0.051
739,0.0082,0.2511,0.4607,0.2488,0.0312
740,0.0029,0.1678,0.5371,0.26,0.0323
741,0.0039,0.0579,0.709,0.1738,0.0554
742,0.0036,0.024,0.2956,0.4363,0.2405
743,0.0047,0.3372,0.599,0.0492,0.01
744,0.0044,0.1741,0.5777,0.1942,0.0495
745,0.0089,0.1867,0.6395,0.1439,0.021
746,0.0063,0.7238,0.2041,0.0512,0.0146
747,0.0046,0.4445,0.4943,0.0405,0.0161
748,0.005,0.2553,0.646,0.0702,0.0236
749,0.0026,0.8197,0.1531,0.0122,0.0123
750,0.0012,0.7813,0.2048,0.0097,0.0031
751,0.0032,0.4297,0.498,0.0614,0.0077
752,0.0019,0.7229,0.2399,0.0306,0.0046
753,0.0143,0.4796,0.3837,0.0959,0.0264
754,0.0047,0.0748,0.535,0.334,0.0515
755,0.0043,0.3653,0.4786,0.127,0.0249
756,0.0025,0.6714,0.2735,0.0444,0.0082
757,0.0059,0.4505,0.4831,0.0487,0.0118
758,0.0029,0.3695,0.4949,0.0947,0.038
759,0.0046,0.0075,0.0668,0.4513,0.4698
760,0.002,0.5913,0.3849,0.0177,0.0042
761,0.0033,0.3743,0.5358,0.0576,0.0291
762,0.0017,0.8303,0.1517,0.0105,0.0058
763,0.0015,0.911,0.0501,0.0121,0.0252
764,0.0073,0.0459,0.6229,0.244,0.0799
765,0.0096,0.054,0.504,0.2775,0.1548
766,0.0025,0.6491,0.276,0.0455,0.0269
767,0.0051,0.6571,0.2583,0.039,0.0406
768,0.0012,0.8479,0.14,0.0081,0.0027
769,0.0096,0.0145,0.137,0.6604,0.1784
770,0.0024,0.5775,0.3044,0.0987,0.0169
771,0.007,0.0627,0.5355,0.3007,0.0941
772,0.0035,0.3523,0.3591,0.2419,0.0432
773,0.0029,0.3896,0.427,0.1652,0.0153
774,0.0033,0.7337,0.1611,0.0458,0.0562
775,0.001,0.8759,0.1127,0.0089,0.0016
776,0.0036,0.3088,0.5611,0.101,0.0256
777,0.0049,0.1699,0.7578,0.059,0.0084
778,0.0014,0.8703,0.1069,0.0141,0.0073
779,0.0082,0.4723,0.2016,0.1851,0.1327
780,0.002,0.3472,0.6018,0.0411,0.0079
781,0.0026,0.4517,0.4827,0.0379,0.0251
782,0.0101,0.0326,0.4214,0.3973,0.1386
783,0.0047,0.3588,0.5202,0.0908,0.0256
784,0.014,0.8043,0.1594,0.0184,0.0039
785,0.0034,0.4962,0.4022,0.0653,0.0329
786,0.0033,0.1748,0.2901,0.3877,0.1441
787,0.006,0.0805,0.4524,0.3621,0.0989
788,0.0072,0.0083,0.0526,0.1017,0.8302
789,0.0016,0.9277,0.0599,0.0079,0.0029
790,0.0009,0.7981,0.1836,0.0093,0.0081
791,0.9587,0.0199,0.0152,0.0048,0.0015
792,0.0943,0.3517,0.3488,0.1844,0.0208
793,0.0039,0.1662,0.7097,0.1086,0.0117
794,0.0059,0.0319,0.2181,0.6804,0.0636
795,0.0024,0.5766,0.2224,0.1459,0.0527
796,0.0026,0.0099,0.0564,0.3665,0.5645
797,0.0025,0.4969,0.41,0.0483,0.0423
798,0.0039,0.0337,0.2217,0.4586,0.282
799,0.0116,0.0389,0.0771,0.1502,0.7222
800,0.0032,0.1794,0.489,0.2327,0.0956
801,0.0035,0.3985,0.546,0.0435,0.0085
802,0.0022,0.8621,0.111,0.017,0.0077
803,0.0727,0.1288,0.355,0.176,0.2675
804,0.0044,0.4972,0.3266,0.1422,0.0296
805,0.0017,0.6746,0.2763,0.0263,0.0211
806,0.0028,0.3116,0.637,0.0414,0.0071
807,0.0028,0.0382,0.2965,0.6083,0.0543
808,0.0083,0.0479,0.3259,0.221,0.397
809,0.0033,0.3303,0.6199,0.0355,0.0111
810,0.0092,0.2434,0.5163,0.1235,0.1076
811,0.0039,0.3746,0.5102,0.0984,0.0129
812,0.0188,0.3331,0.4533,0.1527,0.0421
813,0.0072,0.0761,0.4923,0.3926,0.0319
814,0.0084,0.0061,0.0413,0.1927,0.7516
815,0.0038,0.5206,0.4161,0.0459,0.0137
816,0.0049,0.0143,0.0596,0.6834,0.2379
817,0.002,0.2126,0.7132,0.0652,0.0069
818,0.0017,0.5072,0.3827,0.0899,0.0185
819,0.0044,0.0616,0.4013,0.3614,0.1713
820,0.0035,0.8374,0.1357,0.0193,0.0041
821,0.0034,0.5467,0.3446,0.0572,0.0481
822,0.0033,0.5754,0.3342,0.0589,0.0282
823,0.0078,0.0301,0.1038,0.2121,0.6462
824,0.0194,0.1721,0.5268,0.2209,0.0608
825,0.0041,0.1554,0.5764,0.2106,0.0535
826,0.0038,0.3309,0.6316,0.0257,0.0079
827,0.0162,0.0408,0.1622,0.366,0.4148
828,0.0082,0.6472,0.2478,0.0825,0.0144
829,0.0305,0.09,0.5144,0.3396,0.0255
830,0.0028,0.5122,0.4575,0.0174,0.0102
831,0.0024,0.4942,0.4461,0.0376,0.0196
832,0.2939,0.3564,0.2144,0.0899,0.0453
833,0.0048,0.1142,0.6896,0.1604,0.031
834,0.0073,0.006,0.0203,0.1671,0.7994
835,0.0044,0.5229,0.432,0.0292,0.0115
836,0.0012,0.9335,0.054,0.0087,0.0026
837,0.0065,0.4666,0.4447,0.062,0.0201
838,0.0049,0.386,0.4839,0.1122,0.0131
839,0.0033,0.439,0.4562,0.0714,0.0301
840,0.0035,0.7127,0.2637,0.0151,0.005
841,0.0026,0.7623,0.215,0.0107,0.0094
842,0.0022,0.2723,0.6062,0.107,0.0122
843,0.0099,0.1581,0.5564,0.2097,0.0659
844,0.0035,0.2034,0.5763,0.1267,0.09
845,0.0019,0.804,0.1368,0.0248,0.0325
846,0.0184,0.0805,0.5543,0.3237,0.0231
847,0.0162,0.2507,0.2904,0.3509,0.0917
848,0.0071,0.0204,0.149,0.417,0.4065
849,0.0025,0.408,0.5524,0.0317,0.0054
850,0.0034,0.2192,0.6684,0.0938,0.0152
851,0.0024,0.4412,0.5073,0.0433,0.0058
852,0.0023,0.7661,0.2091,0.0194,0.0031
853,0.0031,0.4694,0.4353,0.0783,0.014
854,0.0144,0.6648,0.2484,0.0656,0.0067
855,0.0078,0.201,0.7389,0.0453,0.0071
856,0.0061,0.141,0.6132,0.1852,0.0545
857,0.0028,0.675,0.2775,0.035,0.0097
858,0.0076,0.2974,0.5554,0.118,0.0215
859,0.3627,0.0333,0.1138,0.1892,0.3009
860,0.0043,0.4474,0.5146,0.027,0.0066
861,0.0042,0.476,0.4507,0.0562,0.0131
862,0.0028,0.5377,0.393,0.0272,0.0393
863,0.0019,0.693,0.2857,0.013,0.0064
864,0.0022,0.6089,0.3553,0.0224,0.0111
865,0.0065,0.1802,0.7026,0.0802,0.0305
866,0.0047,0.5066,0.4616,0.0216,0.0055
867,0.0034,0.5475,0.3923,0.0481,0.0087
868,0.0019,0.8334,0.1252,0.0287,0.0108
869,0.0035,0.0067,0.1035,0.6254,0.2608
870,0.0935,0.2442,0.4398,0.155,0.0675
871,0.005,0.674,0.2724,0.0386,0.0099
872,0.0023,0.0035,0.0371,0.125,0.8321
873,0.0012,0.8877,0.0829,0.0173,0.0108
874,0.0069,0.2952,0.56,0.1014,0.0364
875,0.0038,0.2594,0.6509,0.0769,0.0091
876,0.0052,0.4947,0.2816,0.193,0.0255
877,0.0026,0.7734,0.1771,0.0244,0.0224
878,0.003,0.3295,0.4906,0.159,0.0179
879,0.1081,0.2134,0.2953,0.3281,0.0551
880,0.0055,0.1466,0.6393,0.1854,0.0231
881,0.0022,0.4263,0.5326,0.0308,0.0081
882,0.0073,0.1103,0.5345,0.2632,0.0846
883,0.0034,0.6191,0.3371,0.0359,0.0044
884,0.0037,0.1548,0.6842,0.145,0.0122
885,0.004,0.3318,0.3886,0.1419,0.1337
886,0.004,0.5162,0.4357,0.0342,0.0099
887,0.0027,0.0479,0.6622,0.2617,0.0255
888,0.0072,0.1738,0.5525,0.2331,0.0334
889,0.0027,0.407,0.4593,0.0631,0.0678
890,0.0028,0.6214,0.3332,0.0363,0.0063
891,0.0067,0.7044,0.2541,0.0295,0.0053
892,0.0049,0.2016,0.626,0.1566,0.0108
893,0.0057,0.188,0.6229,0.1566,0.0268
894,0.004,0.5883,0.3652,0.0362,0.0064
895,0.0025,0.0166,0.2491,0.6743,0.0574
896,0.0052,0.5011,0.4564,0.0249,0.0124
897,0.0062,0.0519,0.3819,0.4204,0.1395
898,0.0335,0.4004,0.4099,0.1065,0.0496
899,0.0046,0.1879,0.756,0.0431,0.0084
900,0.0015,0.8789,0.1001,0.0152,0.0044
901,0.0081,0.1839,0.5896,0.1845,0.0339
902,0.0015,0.8657,0.1078,0.0183,0.0066
903,0.0047,0.4344,0.4175,0.0765,0.0669
904,0.0058,0.1768,0.658,0.1286,0.0307
905,0.0023,0.8697,0.1157,0.0102,0.0022
906,0.0057,0.1772,0.635,0.1717,0.0105
907,0.004,0.4367,0.4402,0.0867,0.0324
908,0.004,0.0814,0.3701,0.4374,0.1072
909,0.0067,0.1093,0.5241,0.2771,0.0827
910,0.0066,0.0284,0.2288,0.6496,0.0865
911,0.002,0.6037,0.3564,0.0301,0.0077
912,0.002,0.6954,0.2505,0.0363,0.0159
913,0.0035,0.063,0.0485,0.364,0.521
914,0.0034,0.7857,0.0957,0.098,0.0173
915,0.0039,0.5449,0.4278,0.0188,0.0046
916,0.0029,0.2137,0.5786,0.187,0.0178
917,0.0013,0.8177,0.1636,0.0129,0.0045
918,0.0036,0.7242,0.1722,0.0691,0.0308
919,0.0067,0.0832,0.6892,0.1974,0.0235
920,0.0016,0.8118,0.1385,0.0397,0.0084
921,0.0066,0.1711,0.5416,0.1883,0.0924
922,0.0059,0.1851,0.2851,0.3085,0.2153
923,0.0031,0.8905,0.0841,0.0183,0.004
924,0.0021,0.8648,0.1084,0.0192,0.0055
925,0.0038,0.1681,0.3716,0.4068,0.0497
926,0.0053,0.1741,0.5981,0.2076,0.0148
927,0.003,0.1837,0.6184,0.1788,0.0161
928,0.0044,0.0648,0.6346,0.24,0.0562
929,0.0081,0.15,0.6403,0.181,0.0205
930,0.0058,0.0456,0.3604,0.4077,0.1805
931,0.0046,0.1979,0.2693,0.2479,0.2803
932,0.0027,0.6846,0.2146,0.0762,0.022
933,0.0051,0.1583,0.6683,0.1485,0.0198
934,0.0026,0.5485,0.3801,0.0545,0.0143
935,0.0049,0.0074,0.1242,0.1837,0.6798
936,0.004,0.1176,0.4608,0.279,0.1385
937,0.0126,0.0351,0.3587,0.3954,0.1983
938,0.0046,0.3294,0.6117,0.039,0.0154
939,0.011,0.7788,0.1769,0.0182,0.0151
940,0.0038,0.4464,0.4854,0.0312,0.0333
941,0.0025,0.2236,0.5759,0.1479,0.05
942,0.0067,0.1184,0.6616,0.1768,0.0364
943,0.0043,0.5508,0.3615,0.0627,0.0207
944,0.003,0.5943,0.3242,0.0695,0.0089
945,0.0028,0.0426,0.4634,0.4504,0.0408
946,0.0053,0.2479,0.5956,0.1396,0.0116
947,0.004,0.6443,0.2297,0.0957,0.0263
948,0.0013,0.8883,0.0943,0.0109,0.0052
949,0.0177,0.7824,0.1598,0.0313,0.0088
950,0.0041,0.0454,0.4583,0.4652,0.027
951,0.0046,0.3783,0.5425,0.0674,0.0073
952,0.0031,0.6472,0.3064,0.0228,0.0204
953,0.0016,0.723,0.2511,0.0195,0.0048
954,0.013,0.0501,0.2402,0.3318,0.3649
955,0.2046,0.5099,0.2282,0.0495,0.0078
956,0.007,0.303,0.5031,0.1644,0.0224
957,0.0039,0.4462,0.4975,0.0451,0.0073
958,0.0042,0.5251,0.3823,0.0624,0.026
959,0.0048,0.117,0.4844,0.3286,0.0652
960,0.0054,0.6325,0.2504,0.0878,0.0239
961,0.0042,0.2293,0.5154,0.16,0.0911
962,0.0044,0.1764,0.5169,0.2453,0.0571
963,0.0042,0.5884,0.3747,0.0248,0.008
964,0.0268,0.2787,0.51,0.1484,0.036
965,0.0038,0.5917,0.3797,0.0185,0.0063
966,0.0053,0.1517,0.6474,0.1593,0.0363
967,0.0046,0.5392,0.397,0.0412,0.018
968,0.0183,0.3553,0.509,0.0934,0.024
969,0.0032,0.641,0.2811,0.0349,0.0397
970,0.0037,0.5324,0.4271,0.0313,0.0055
971,0.0033,0.404,0.4999,0.036,0.0567
972,0.0029,0.429,0.5405,0.0215,0.0061
973,0.0089,0.1239,0.6254,0.1952,0.0466
974,0.0011,0.8388,0.1474,0.0105,0.0022
975,0.0019,0.7039,0.2705,0.0188,0.0049
976,0.0033,0.0073,0.0347,0.0751,0.8796
977,0.0072,0.0996,0.5766,0.2873,0.0293
978,0.0044,0.3673,0.5693,0.0491,0.0099
979,0.0032,0.3662,0.5062,0.0984,0.0259
980,0.0038,0.308,0.3895,0.1608,0.1379
981,0.002,0.8614,0.1117,0.0207,0.0042
982,0.0032,0.2682,0.6406,0.075,0.013
983,0.0037,0.0846,0.6503,0.2179,0.0435
984,0.0121,0.1554,0.3824,0.3393,0.1109
985,0.0012,0.929,0.0547,0.0105,0.0046
986,0.0014,0.8279,0.1506,0.0145,0.0056
987,0.0047,0.5691,0.3384,0.0564,0.0314
988,0.0032,0.3118,0.404,0.247,0.034
989,0.0039,0.4429,0.5091,0.0326,0.0116
990,0.002,0.7495,0.1765,0.0517,0.0203
991,0.0045,0.0248,0.2197,0.4634,0.2877
992,0.0027,0.1949,0.5972,0.1904,0.0147
993,0.0032,0.4641,0.4865,0.0393,0.0069
994,0.0076,0.1147,0.4393,0.2993,0.1391
995,0.0033,0.3249,0.469,0.0931,0.1097
996,0.003,0.7691,0.1885,0.024,0.0155
997,0.0078,0.4176,0.3856,0.0915,0.0975
998,0.0055,0.7504,0.2222,0.0146,0.0072
999,0.0046,0.1038,0.5211,0.2852,0.0853
1000,0.003,0.6788,0.3019,0.0134,0.0029
1001,0.0031,0.0767,0.619,0.2609,0.0403
1002,0.0023,0.858,0.1305,0.0063,0.003
1003,0.0037,0.0057,0.0465,0.767,0.1772
1004,0.0053,0.0081,0.0458,0.6478,0.2931
1005,0.004,0.2704,0.5866,0.1211,0.0179
1006,0.0048,0.0053,0.0398,0.4884,0.4617
1007,0.0046,0.0468,0.0363,0.3874,0.5249
1008,0.0038,0.0076,0.0789,0.4971,0.4126
1009,0.0038,0.0041,0.043,0.5621,0.387
1010,0.0035,0.006,0.0287,0.5717,0.3901
1011,0.0046,0.0053,0.0817,0.6359,0.2725
1012,0.0052,0.0175,0.257,0.6515,0.0688
1013,0.011,0.058,0.077,0.4911,0.3629
1014,0.0082,0.0109,0.0597,0.3716,0.5496
1015,0.0062,0.1433,0.667,0.17,0.0135
1016,0.0041,0.5364,0.3886,0.0558,0.0151
1017,0.0031,0.0149,0.0403,0.6353,0.3065
1018,0.0022,0.0026,0.0098,0.1465,0.839
1019,0.0031,0.0029,0.0173,0.1209,0.8558
1020,0.0147,0.4688,0.4239,0.0741,0.0186
1021,0.0039,0.0182,0.0476,0.2467,0.6836
1022,0.0033,0.0736,0.79,0.1173,0.0158
1023,0.0057,0.0105,0.0598,0.5527,0.3712
1024,0.0069,0.0115,0.1248,0.6953,0.1614
1025,0.0052,0.0145,0.2856,0.627,0.0678
1026,0.0037,0.0162,0.2755,0.6586,0.0461
1027,0.006,0.0223,0.3223,0.5484,0.101
1028,0.0047,0.0534,0.2146,0.6448,0.0825
1029,0.0037,0.0063,0.0451,0.5891,0.3559
1030,0.0029,0.0154,0.5217,0.44,0.02
1031,0.0057,0.0175,0.0338,0.5313,0.4116
1032,0.0062,0.1532,0.253,0.5285,0.0591
1033,0.0169,0.0119,0.0494,0.2921,0.6297
1034,0.0037,0.1112,0.5849,0.2752,0.0251
1035,0.0055,0.0125,0.0178,0.1969,0.7672
1036,0.005,0.0232,0.0461,0.3674,0.5583
1037,0.0063,0.0064,0.01,0.0986,0.8788
1038,0.0043,0.0048,0.0312,0.3756,0.5841
1039,0.0041,0.0431,0.5815,0.3414,0.03
