id,no answer,very important,quite important,not important,not at all important
0.0000,0.0004,0.0019,0.5437,0.4520,0.0020
1.0000,0.0002,0.0079,0.9652,0.0264,0.0002
2.0000,0.0060,0.0546,0.5596,0.3611,0.0187
3.0000,0.0090,0.4827,0.4637,0.0333,0.0112
4.0000,0.0062,0.1537,0.7802,0.0561,0.0038
5.0000,0.0008,0.8746,0.1213,0.0023,0.0010
6.0000,0.0007,0.9042,0.0912,0.0019,0.0019
7.0000,0.0018,0.0021,0.0123,0.6701,0.3137
8.0000,0.0057,0.1955,0.7494,0.0322,0.0172
9.0000,0.0011,0.7139,0.2807,0.0032,0.0011
10.0000,0.0020,0.0944,0.8778,0.0236,0.0022
11.0000,0.0069,0.0176,0.0365,0.4756,0.4634
12.0000,0.0006,0.3291,0.6592,0.0100,0.0010
13.0000,0.0008,0.2011,0.7734,0.0233,0.0013
14.0000,0.0003,0.0034,0.9229,0.0729,0.0005
15.0000,0.0019,0.5635,0.4215,0.0101,0.0030
16.0000,0.0004,0.0249,0.9465,0.0276,0.0005
17.0000,0.0018,0.0023,0.0234,0.7315,0.2410
18.0000,0.0003,0.0143,0.9395,0.0454,0.0005
19.0000,0.0011,0.8999,0.0896,0.0027,0.0069
20.0000,0.0082,0.0552,0.0438,0.0722,0.8206
21.0000,0.0001,0.9823,0.0175,0.0001,0.0001
22.0000,0.0030,0.5345,0.4458,0.0124,0.0042
23.0000,0.0008,0.1003,0.8831,0.0152,0.0006
24.0000,0.0004,0.0100,0.9641,0.0250,0.0004
25.0000,0.0006,0.0195,0.9604,0.0188,0.0007
26.0000,0.0001,0.9630,0.0363,0.0004,0.0002
27.0000,0.0077,0.0364,0.6370,0.2815,0.0375
28.0000,0.0049,0.0946,0.7475,0.1394,0.0136
29.0000,0.0000,0.9800,0.0200,0.0000,0.0000
30.0000,0.0018,0.0024,0.0357,0.7815,0.1786
31.0000,0.0000,0.9792,0.0206,0.0001,0.0001
32.0000,0.0001,0.9768,0.0229,0.0002,0.0001
33.0000,0.0005,0.0060,0.7891,0.2026,0.0018
34.0000,0.0003,0.8507,0.1479,0.0008,0.0003
35.0000,0.0024,0.0111,0.3566,0.6162,0.0137
36.0000,0.0008,0.7669,0.2276,0.0037,0.0009
37.0000,0.0001,0.9638,0.0357,0.0003,0.0001
38.0000,0.0006,0.5521,0.4431,0.0037,0.0005
39.0000,0.0017,0.1058,0.8374,0.0519,0.0031
40.0000,0.0003,0.9348,0.0637,0.0006,0.0005
41.0000,0.0020,0.0020,0.0121,0.7466,0.2372
42.0000,0.0021,0.0107,0.4676,0.5073,0.0123
43.0000,0.0017,0.6885,0.3008,0.0062,0.0027
44.0000,0.0009,0.7857,0.2086,0.0038,0.0009
45.0000,0.0289,0.1236,0.3430,0.2891,0.2153
46.0000,0.0004,0.7106,0.2872,0.0015,0.0003
47.0000,0.0003,0.8437,0.1546,0.0010,0.0003
48.0000,0.0001,0.9797,0.0199,0.0002,0.0001
49.0000,0.0002,0.9323,0.0666,0.0007,0.0002
50.0000,0.0014,0.6335,0.3562,0.0071,0.0018
51.0000,0.0026,0.1534,0.8104,0.0308,0.0028
52.0000,0.0029,0.0806,0.8884,0.0250,0.0030
53.0000,0.0055,0.0121,0.1150,0.8097,0.0577
54.0000,0.0033,0.3228,0.6480,0.0208,0.0051
55.0000,0.0006,0.8919,0.1050,0.0014,0.0010
56.0000,0.0009,0.0137,0.7924,0.1901,0.0029
57.0000,0.0012,0.0229,0.9516,0.0230,0.0013
58.0000,0.0082,0.1487,0.7354,0.0931,0.0146
59.0000,0.0018,0.8154,0.1743,0.0056,0.0029
60.0000,0.0001,0.9810,0.0187,0.0001,0.0001
61.0000,0.0017,0.0037,0.1180,0.8340,0.0426
62.0000,0.0002,0.0018,0.7963,0.2012,0.0005
63.0000,0.0011,0.1114,0.8718,0.0147,0.0009
64.0000,0.0023,0.0663,0.9032,0.0256,0.0026
65.0000,0.0004,0.0110,0.9667,0.0214,0.0004
66.0000,0.0005,0.0042,0.7002,0.2936,0.0016
67.0000,0.0005,0.0343,0.9127,0.0517,0.0008
68.0000,0.0005,0.7538,0.2430,0.0022,0.0004
69.0000,0.0002,0.0117,0.9637,0.0242,0.0002
70.0000,0.0037,0.8813,0.0576,0.0136,0.0438
71.0000,0.0036,0.8144,0.1671,0.0087,0.0063
72.0000,0.0000,0.9986,0.0013,0.0000,0.0001
73.0000,0.0037,0.1590,0.7726,0.0587,0.0060
74.0000,0.0031,0.3007,0.6771,0.0154,0.0037
75.0000,0.0004,0.0119,0.9538,0.0333,0.0006
76.0000,0.0000,0.9594,0.0404,0.0001,0.0000
77.0000,0.0007,0.0206,0.9384,0.0398,0.0006
78.0000,0.0000,0.9946,0.0005,0.0001,0.0048
79.0000,0.0009,0.0836,0.9031,0.0116,0.0009
80.0000,0.0006,0.4544,0.5400,0.0044,0.0005
81.0000,0.0000,0.9872,0.0127,0.0001,0.0000
82.0000,0.0055,0.6159,0.3445,0.0160,0.0182
83.0000,0.0005,0.9262,0.0713,0.0011,0.0008
84.0000,0.0111,0.1854,0.6585,0.1265,0.0185
85.0000,0.0116,0.3960,0.5026,0.0424,0.0474
86.0000,0.0005,0.6288,0.3667,0.0036,0.0004
87.0000,0.0000,0.9872,0.0127,0.0001,0.0000
88.0000,0.0017,0.0026,0.0514,0.8736,0.0707
89.0000,0.0127,0.5149,0.0875,0.0539,0.3311
90.0000,0.0001,0.9437,0.0560,0.0002,0.0001
91.0000,0.0019,0.0571,0.9137,0.0257,0.0016
92.0000,0.0171,0.6173,0.2401,0.0635,0.0619
93.0000,0.0262,0.1573,0.1418,0.2747,0.4000
94.0000,0.0056,0.1094,0.7026,0.1683,0.0141
95.0000,0.0000,0.9871,0.0128,0.0001,0.0000
96.0000,0.0013,0.0027,0.1100,0.8564,0.0295
97.0000,0.0012,0.8332,0.1612,0.0029,0.0016
98.0000,0.0007,0.0019,0.3736,0.6180,0.0057
99.0000,0.0003,0.0165,0.9683,0.0145,0.0003
100.0000,0.0003,0.8411,0.1575,0.0009,0.0003
101.0000,0.0016,0.0066,0.7602,0.2271,0.0045
102.0000,0.0157,0.0811,0.1309,0.1972,0.5752
103.0000,0.0005,0.0005,0.0006,0.1755,0.8229
104.0000,0.0005,0.0006,0.0006,0.0632,0.9350
105.0000,0.0001,0.9713,0.0283,0.0002,0.0001
106.0000,0.0064,0.1820,0.6748,0.1240,0.0128
107.0000,0.0001,0.9473,0.0524,0.0002,0.0001
108.0000,0.0001,0.9575,0.0418,0.0003,0.0002
109.0000,0.0030,0.0410,0.8998,0.0535,0.0027
110.0000,0.0024,0.0413,0.9197,0.0332,0.0035
111.0000,0.0002,0.8699,0.1289,0.0007,0.0002
112.0000,0.0011,0.5562,0.4368,0.0050,0.0010
113.0000,0.0009,0.0432,0.9382,0.0171,0.0006
114.0000,0.0015,0.0876,0.8450,0.0631,0.0029
115.0000,0.0000,0.9938,0.0062,0.0000,0.0000
116.0000,0.0021,0.0034,0.0530,0.8166,0.1250
117.0000,0.0017,0.0021,0.0190,0.7921,0.1852
118.0000,0.0010,0.3641,0.6237,0.0099,0.0013
119.0000,0.0014,0.0014,0.0060,0.6695,0.3217
120.0000,0.0002,0.9361,0.0630,0.0005,0.0002
121.0000,0.0002,0.0093,0.9676,0.0228,0.0002
122.0000,0.0015,0.0016,0.0067,0.4509,0.5394
123.0000,0.0027,0.0078,0.0110,0.1028,0.8756
124.0000,0.0113,0.2855,0.5549,0.0908,0.0575
125.0000,0.0026,0.7906,0.1902,0.0073,0.0093
126.0000,0.0039,0.0074,0.1090,0.7371,0.1425
127.0000,0.0013,0.8548,0.1384,0.0038,0.0018
128.0000,0.0012,0.9228,0.0703,0.0027,0.0030
129.0000,0.0003,0.0072,0.9501,0.0420,0.0004
130.0000,0.0003,0.0012,0.5022,0.4954,0.0010
131.0000,0.0030,0.0197,0.0070,0.0377,0.9326
132.0000,0.0002,0.9475,0.0517,0.0004,0.0002
133.0000,0.0089,0.0359,0.4968,0.3922,0.0662
134.0000,0.0147,0.2049,0.6384,0.0791,0.0628
135.0000,0.0003,0.9407,0.0580,0.0006,0.0004
136.0000,0.0006,0.0006,0.0015,0.0813,0.9160
137.0000,0.0002,0.0060,0.9670,0.0265,0.0003
138.0000,0.0021,0.0027,0.0230,0.6221,0.3501
139.0000,0.0025,0.0092,0.5245,0.4518,0.0120
140.0000,0.0027,0.3598,0.6198,0.0139,0.0038
141.0000,0.0024,0.1780,0.7866,0.0298,0.0032
142.0000,0.0013,0.8726,0.1201,0.0032,0.0027
143.0000,0.0006,0.0193,0.8959,0.0831,0.0011
144.0000,0.0000,0.9838,0.0161,0.0000,0.0000
145.0000,0.0018,0.0037,0.0071,0.4220,0.5655
146.0000,0.0014,0.4797,0.5095,0.0077,0.0017
147.0000,0.0026,0.1533,0.8186,0.0225,0.0031
148.0000,0.0004,0.0015,0.4770,0.5188,0.0023
149.0000,0.0001,0.9861,0.0137,0.0001,0.0001
150.0000,0.0017,0.0024,0.0067,0.9004,0.0889
151.0000,0.0009,0.0017,0.0021,0.1535,0.8419
152.0000,0.0008,0.9097,0.0830,0.0024,0.0041
153.0000,0.0003,0.7048,0.2930,0.0018,0.0002
154.0000,0.0000,0.9872,0.0127,0.0001,0.0000
155.0000,0.0002,0.0013,0.5551,0.4424,0.0010
156.0000,0.0020,0.2546,0.7260,0.0154,0.0020
157.0000,0.0001,0.9796,0.0200,0.0002,0.0001
158.0000,0.0017,0.0388,0.8998,0.0580,0.0017
159.0000,0.0008,0.0017,0.0087,0.8968,0.0919
160.0000,0.0000,0.9986,0.0005,0.0001,0.0008
161.0000,0.0000,0.9899,0.0100,0.0000,0.0000
162.0000,0.0041,0.0083,0.1336,0.8081,0.0459
163.0000,0.0000,0.9912,0.0087,0.0000,0.0000
164.0000,0.0000,0.9988,0.0004,0.0000,0.0008
165.0000,0.0005,0.0302,0.9528,0.0160,0.0005
166.0000,0.0012,0.8556,0.1358,0.0034,0.0040
167.0000,0.0010,0.8839,0.1081,0.0027,0.0043
168.0000,0.0007,0.9622,0.0320,0.0018,0.0033
169.0000,0.0007,0.9663,0.0243,0.0023,0.0064
170.0000,0.0002,0.9520,0.0470,0.0006,0.0002
171.0000,0.0008,0.3286,0.6638,0.0061,0.0006
172.0000,0.0004,0.0120,0.9592,0.0280,0.0004
173.0000,0.0020,0.0556,0.9122,0.0285,0.0016
174.0000,0.0023,0.0091,0.7379,0.2428,0.0079
175.0000,0.0006,0.0810,0.9084,0.0094,0.0005
176.0000,0.0013,0.0028,0.0343,0.9338,0.0278
177.0000,0.0003,0.0017,0.7763,0.2205,0.0011
178.0000,0.0000,0.9785,0.0214,0.0000,0.0000
179.0000,0.0006,0.0405,0.9344,0.0236,0.0009
180.0000,0.0005,0.4249,0.5698,0.0045,0.0004
181.0000,0.0009,0.0380,0.9181,0.0418,0.0013
182.0000,0.0001,0.9813,0.0185,0.0001,0.0001
183.0000,0.0001,0.9651,0.0343,0.0003,0.0002
184.0000,0.0003,0.0006,0.0444,0.9498,0.0050
185.0000,0.0003,0.9505,0.0479,0.0007,0.0006
186.0000,0.0012,0.0421,0.8704,0.0832,0.0030
187.0000,0.0002,0.8236,0.1752,0.0009,0.0002
188.0000,0.0036,0.0399,0.8434,0.1051,0.0081
189.0000,0.0000,0.9853,0.0145,0.0001,0.0001
190.0000,0.0029,0.0164,0.4851,0.4804,0.0152
191.0000,0.0000,0.9870,0.0128,0.0001,0.0000
192.0000,0.0020,0.0035,0.0395,0.8627,0.0923
193.0000,0.0248,0.1933,0.3136,0.2345,0.2339
194.0000,0.0106,0.6924,0.2369,0.0361,0.0240
195.0000,0.0268,0.0863,0.2068,0.3690,0.3111
196.0000,0.0007,0.0494,0.9355,0.0137,0.0007
197.0000,0.0002,0.9560,0.0426,0.0006,0.0006
198.0000,0.0051,0.0145,0.1231,0.8194,0.0379
199.0000,0.0053,0.5814,0.3749,0.0193,0.0191
200.0000,0.0013,0.0017,0.0028,0.6044,0.3898
201.0000,0.0004,0.0006,0.0004,0.0467,0.9519
202.0000,0.0008,0.4346,0.5579,0.0061,0.0006
203.0000,0.0000,0.9912,0.0087,0.0000,0.0000
204.0000,0.0025,0.5445,0.4368,0.0094,0.0068
205.0000,0.0008,0.0192,0.9349,0.0444,0.0007
206.0000,0.0002,0.9683,0.0309,0.0003,0.0003
207.0000,0.0006,0.1593,0.8315,0.0081,0.0005
208.0000,0.0086,0.0242,0.0463,0.2822,0.6387
209.0000,0.0167,0.6394,0.1594,0.0728,0.1117
210.0000,0.0071,0.3576,0.5002,0.1207,0.0144
211.0000,0.0016,0.0031,0.1038,0.8615,0.0300
212.0000,0.0015,0.0021,0.0050,0.5910,0.4004
213.0000,0.0023,0.0727,0.8195,0.1010,0.0045
214.0000,0.0013,0.0049,0.5415,0.4478,0.0045
215.0000,0.0002,0.0044,0.9389,0.0562,0.0003
216.0000,0.0012,0.0014,0.0112,0.8265,0.1597
217.0000,0.0003,0.9227,0.0757,0.0008,0.0005
218.0000,0.0003,0.9483,0.0506,0.0005,0.0004
219.0000,0.0015,0.8004,0.1923,0.0040,0.0019
220.0000,0.0009,0.0016,0.0017,0.3171,0.6787
221.0000,0.0016,0.9366,0.0540,0.0055,0.0023
222.0000,0.0155,0.2268,0.2680,0.2791,0.2106
223.0000,0.0001,0.9575,0.0418,0.0003,0.0002
224.0000,0.0002,0.0003,0.0002,0.0410,0.9583
225.0000,0.0017,0.2460,0.7199,0.0298,0.0027
226.0000,0.0022,0.0489,0.9153,0.0302,0.0034
227.0000,0.0011,0.0131,0.8214,0.1614,0.0030
228.0000,0.0001,0.9533,0.0462,0.0003,0.0001
229.0000,0.0013,0.9097,0.0839,0.0029,0.0022
230.0000,0.0034,0.0180,0.8728,0.0969,0.0089
231.0000,0.0004,0.0023,0.5205,0.4751,0.0017
232.0000,0.0025,0.2699,0.6857,0.0378,0.0041
233.0000,0.0142,0.0651,0.5006,0.2416,0.1785
234.0000,0.0014,0.0025,0.0940,0.8642,0.0379
235.0000,0.0007,0.0012,0.0551,0.9322,0.0108
236.0000,0.0005,0.0157,0.9522,0.0311,0.0005
237.0000,0.0000,0.9849,0.0149,0.0001,0.0001
238.0000,0.0010,0.7117,0.2826,0.0032,0.0015
239.0000,0.0025,0.8088,0.1755,0.0063,0.0070
240.0000,0.0005,0.0094,0.9578,0.0319,0.0004
241.0000,0.0002,0.3993,0.5993,0.0012,0.0000
242.0000,0.0002,0.8539,0.1450,0.0007,0.0002
243.0000,0.0054,0.2415,0.6952,0.0295,0.0284
244.0000,0.0014,0.6335,0.3562,0.0071,0.0018
245.0000,0.0000,0.9903,0.0097,0.0000,0.0000
246.0000,0.0000,0.9993,0.0007,0.0000,0.0000
247.0000,0.0000,0.9952,0.0003,0.0001,0.0045
248.0000,0.0001,0.9625,0.0369,0.0003,0.0002
249.0000,0.0005,0.0133,0.8862,0.0990,0.0010
250.0000,0.0006,0.1184,0.8715,0.0091,0.0004
251.0000,0.0002,0.8875,0.1116,0.0006,0.0002
252.0000,0.0003,0.8411,0.1575,0.0009,0.0003
253.0000,0.0005,0.0933,0.8920,0.0138,0.0004
254.0000,0.0042,0.8369,0.0897,0.0169,0.0523
255.0000,0.0015,0.8298,0.1610,0.0041,0.0037
256.0000,0.0002,0.9689,0.0300,0.0004,0.0005
257.0000,0.0009,0.0008,0.0009,0.2397,0.7577
258.0000,0.0003,0.9526,0.0458,0.0007,0.0005
259.0000,0.0014,0.6153,0.3757,0.0058,0.0018
260.0000,0.0018,0.0028,0.0429,0.8156,0.1368
261.0000,0.0003,0.0296,0.9457,0.0240,0.0003
262.0000,0.0025,0.1441,0.8254,0.0219,0.0061
263.0000,0.0188,0.0531,0.4058,0.4380,0.0842
264.0000,0.0043,0.0071,0.0103,0.2528,0.7255
265.0000,0.0147,0.1525,0.1709,0.3682,0.2938
266.0000,0.0035,0.0080,0.2372,0.6939,0.0574
267.0000,0.0023,0.3462,0.6217,0.0254,0.0043
268.0000,0.0007,0.0753,0.9133,0.0102,0.0005
269.0000,0.0006,0.8621,0.1348,0.0019,0.0007
270.0000,0.0103,0.6809,0.2134,0.0382,0.0572
271.0000,0.0007,0.9145,0.0813,0.0019,0.0016
272.0000,0.0040,0.4606,0.5000,0.0172,0.0181
273.0000,0.0000,0.9923,0.0006,0.0001,0.0069
274.0000,0.0017,0.0021,0.0115,0.5486,0.4362
275.0000,0.0021,0.3022,0.6796,0.0134,0.0027
276.0000,0.0003,0.8955,0.1030,0.0009,0.0003
277.0000,0.0000,0.9848,0.0150,0.0001,0.0000
278.0000,0.0003,0.9411,0.0573,0.0009,0.0004
279.0000,0.0005,0.0340,0.9130,0.0516,0.0009
280.0000,0.0023,0.0127,0.7828,0.1951,0.0071
281.0000,0.0006,0.0953,0.8953,0.0082,0.0005
282.0000,0.0059,0.0246,0.5150,0.4331,0.0214
283.0000,0.0007,0.8136,0.1418,0.0099,0.0340
284.0000,0.0018,0.5195,0.4632,0.0126,0.0030
285.0000,0.0024,0.5939,0.3895,0.0105,0.0036
286.0000,0.0001,0.9651,0.0343,0.0003,0.0002
287.0000,0.0000,0.9982,0.0018,0.0000,0.0000
288.0000,0.0007,0.0011,0.0010,0.1688,0.8284
289.0000,0.0015,0.1479,0.8364,0.0126,0.0015
290.0000,0.0102,0.6958,0.1060,0.0575,0.1305
291.0000,0.0017,0.0053,0.4051,0.5771,0.0109
292.0000,0.0015,0.0018,0.0021,0.1402,0.8545
293.0000,0.0012,0.0117,0.6406,0.3425,0.0039
294.0000,0.0037,0.4405,0.5322,0.0189,0.0047
295.0000,0.0065,0.0513,0.2918,0.5916,0.0587
296.0000,0.0052,0.4360,0.5332,0.0194,0.0063
297.0000,0.0007,0.1622,0.8282,0.0088,0.0002
298.0000,0.0158,0.1979,0.6274,0.1240,0.0348
299.0000,0.0008,0.2528,0.7369,0.0090,0.0006
300.0000,0.0028,0.1234,0.8032,0.0655,0.0051
301.0000,0.0148,0.0452,0.4661,0.4167,0.0572
302.0000,0.0017,0.0020,0.0047,0.1297,0.8618
303.0000,0.0005,0.0014,0.2652,0.7286,0.0043
304.0000,0.0018,0.0033,0.0794,0.8508,0.0647
305.0000,0.0018,0.2391,0.7227,0.0332,0.0033
306.0000,0.0040,0.8029,0.1743,0.0096,0.0092
307.0000,0.0000,0.9873,0.0126,0.0000,0.0000
308.0000,0.0005,0.8560,0.1414,0.0015,0.0007
309.0000,0.0005,0.4733,0.5213,0.0045,0.0004
310.0000,0.0129,0.0606,0.5577,0.3242,0.0446
311.0000,0.0001,0.9789,0.0209,0.0001,0.0001
312.0000,0.0028,0.2637,0.7178,0.0131,0.0026
313.0000,0.0004,0.3810,0.6123,0.0059,0.0004
314.0000,0.0009,0.3326,0.6593,0.0066,0.0006
315.0000,0.0013,0.0320,0.9360,0.0296,0.0012
316.0000,0.0002,0.8163,0.1822,0.0010,0.0002
317.0000,0.0015,0.0082,0.8809,0.1071,0.0023
318.0000,0.0008,0.4560,0.5333,0.0086,0.0012
319.0000,0.0211,0.4657,0.2231,0.1000,0.1901
320.0000,0.0004,0.0110,0.9667,0.0214,0.0004
321.0000,0.0012,0.4476,0.5357,0.0140,0.0015
322.0000,0.0005,0.0208,0.9632,0.0150,0.0005
323.0000,0.0031,0.4684,0.5110,0.0128,0.0047
324.0000,0.0264,0.1034,0.3263,0.4083,0.1356
325.0000,0.0026,0.0536,0.9069,0.0320,0.0048
326.0000,0.0012,0.9240,0.0668,0.0029,0.0051
327.0000,0.0006,0.2131,0.7779,0.0078,0.0006
328.0000,0.0022,0.0754,0.8080,0.1097,0.0047
329.0000,0.0009,0.5908,0.4037,0.0038,0.0008
330.0000,0.0011,0.3801,0.6006,0.0167,0.0016
331.0000,0.0119,0.6626,0.2141,0.0463,0.0651
332.0000,0.0005,0.0412,0.9464,0.0116,0.0004
333.0000,0.0013,0.2748,0.7141,0.0085,0.0012
334.0000,0.0009,0.0011,0.0013,0.1243,0.8723
335.0000,0.0005,0.7378,0.2595,0.0018,0.0004
336.0000,0.0006,0.9053,0.0916,0.0017,0.0008
337.0000,0.0006,0.3824,0.6123,0.0041,0.0005
338.0000,0.0003,0.0066,0.9597,0.0332,0.0003
339.0000,0.0002,0.9519,0.0473,0.0005,0.0002
340.0000,0.0004,0.0056,0.9082,0.0852,0.0006
341.0000,0.0003,0.0221,0.9558,0.0214,0.0003
342.0000,0.0002,0.9327,0.0664,0.0005,0.0002
343.0000,0.0015,0.0479,0.9279,0.0215,0.0012
344.0000,0.0010,0.6315,0.3602,0.0063,0.0010
345.0000,0.0019,0.0277,0.8520,0.1145,0.0040
346.0000,0.0023,0.3553,0.6030,0.0357,0.0037
347.0000,0.0000,0.0000,0.0000,0.0077,0.9923
348.0000,0.0032,0.7256,0.2530,0.0104,0.0078
349.0000,0.0002,0.0016,0.8884,0.1095,0.0004
350.0000,0.0000,0.9925,0.0016,0.0003,0.0055
351.0000,0.0017,0.0070,0.7763,0.2109,0.0041
352.0000,0.0004,0.9251,0.0732,0.0008,0.0005
353.0000,0.0019,0.2974,0.6663,0.0308,0.0036
354.0000,0.0001,0.0001,0.0000,0.0127,0.9870
355.0000,0.0011,0.0740,0.9095,0.0145,0.0009
356.0000,0.0037,0.0081,0.2035,0.7128,0.0718
357.0000,0.0023,0.6274,0.3522,0.0094,0.0087
358.0000,0.0001,0.0065,0.9596,0.0336,0.0002
359.0000,0.0000,0.9973,0.0026,0.0000,0.0001
360.0000,0.0000,0.9594,0.0404,0.0001,0.0000
361.0000,0.0006,0.6306,0.3652,0.0028,0.0007
362.0000,0.0002,0.9721,0.0270,0.0003,0.0004
363.0000,0.0001,0.9387,0.0608,0.0002,0.0001
364.0000,0.0028,0.0110,0.8084,0.1715,0.0064
365.0000,0.0002,0.9553,0.0439,0.0004,0.0002
366.0000,0.0029,0.2007,0.7307,0.0605,0.0051
367.0000,0.0001,0.0001,0.0000,0.0239,0.9760
368.0000,0.0003,0.8628,0.1358,0.0008,0.0003
369.0000,0.0001,0.9543,0.0453,0.0002,0.0001
370.0000,0.0022,0.1170,0.8589,0.0201,0.0018
371.0000,0.0007,0.1839,0.7829,0.0314,0.0011
372.0000,0.0016,0.5526,0.4325,0.0119,0.0015
373.0000,0.0002,0.9454,0.0537,0.0004,0.0002
374.0000,0.0003,0.9393,0.0591,0.0008,0.0004
375.0000,0.0045,0.0048,0.0375,0.4087,0.5445
376.0000,0.0058,0.0468,0.5812,0.3459,0.0203
377.0000,0.0005,0.2183,0.7749,0.0057,0.0004
378.0000,0.0034,0.0236,0.8799,0.0874,0.0057
379.0000,0.0018,0.0176,0.9365,0.0424,0.0017
380.0000,0.0016,0.0024,0.0551,0.8510,0.0900
381.0000,0.0006,0.2033,0.7882,0.0074,0.0005
382.0000,0.0113,0.0367,0.0923,0.4809,0.3788
383.0000,0.0001,0.9496,0.0501,0.0002,0.0001
384.0000,0.0149,0.0779,0.3027,0.4704,0.1342
385.0000,0.0001,0.9235,0.0758,0.0004,0.0001
386.0000,0.0018,0.0018,0.0050,0.5198,0.4716
387.0000,0.0050,0.0116,0.0315,0.4209,0.5308
388.0000,0.0014,0.0034,0.2595,0.7200,0.0157
389.0000,0.0042,0.0153,0.4928,0.4613,0.0263
390.0000,0.0034,0.0577,0.8990,0.0353,0.0046
391.0000,0.0094,0.0323,0.1636,0.4007,0.3941
392.0000,0.0005,0.0033,0.8839,0.1114,0.0010
393.0000,0.0033,0.3904,0.5625,0.0383,0.0056
394.0000,0.0002,0.9661,0.0332,0.0003,0.0002
395.0000,0.0025,0.0033,0.0263,0.7136,0.2543
396.0000,0.0012,0.6456,0.3469,0.0051,0.0013
397.0000,0.0021,0.1144,0.8590,0.0216,0.0029
398.0000,0.0001,0.9759,0.0235,0.0003,0.0002
399.0000,0.0139,0.2521,0.3283,0.2758,0.1300
400.0000,0.0023,0.2583,0.7211,0.0163,0.0021
401.0000,0.0045,0.5674,0.3872,0.0332,0.0077
402.0000,0.0018,0.0740,0.8996,0.0228,0.0018
403.0000,0.0006,0.7850,0.2115,0.0024,0.0006
404.0000,0.0035,0.7813,0.1941,0.0088,0.0123
405.0000,0.0067,0.3876,0.5660,0.0282,0.0115
406.0000,0.0005,0.0111,0.9472,0.0405,0.0007
407.0000,0.0004,0.0131,0.9701,0.0160,0.0003
408.0000,0.0003,0.0004,0.1196,0.8764,0.0033
409.0000,0.0008,0.6663,0.3275,0.0045,0.0009
410.0000,0.0012,0.8556,0.1358,0.0034,0.0040
411.0000,0.0018,0.8980,0.0913,0.0040,0.0049
412.0000,0.0017,0.0018,0.0149,0.3556,0.6259
413.0000,0.0002,0.9645,0.0348,0.0004,0.0002
414.0000,0.0050,0.2334,0.6646,0.0876,0.0094
415.0000,0.0165,0.3012,0.3708,0.1549,0.1566
416.0000,0.0004,0.6045,0.3922,0.0027,0.0003
417.0000,0.0085,0.0260,0.1560,0.7511,0.0584
418.0000,0.0006,0.9185,0.0785,0.0015,0.0008
419.0000,0.0004,0.0015,0.4633,0.5324,0.0024
420.0000,0.0109,0.2176,0.6577,0.0779,0.0360
421.0000,0.0135,0.3740,0.4749,0.0820,0.0556
422.0000,0.0042,0.3839,0.5609,0.0436,0.0073
423.0000,0.0007,0.6005,0.3918,0.0060,0.0009
424.0000,0.0010,0.0288,0.8534,0.1147,0.0020
425.0000,0.0122,0.4899,0.3603,0.0779,0.0596
426.0000,0.0024,0.1521,0.8224,0.0202,0.0028
427.0000,0.0035,0.1937,0.7520,0.0459,0.0049
428.0000,0.0028,0.2518,0.6931,0.0463,0.0059
429.0000,0.0035,0.0066,0.0093,0.1758,0.8048
430.0000,0.0053,0.6492,0.2913,0.0187,0.0354
431.0000,0.0026,0.7601,0.2249,0.0077,0.0048
432.0000,0.0004,0.0032,0.6978,0.2971,0.0014
433.0000,0.0025,0.0038,0.0076,0.5463,0.4398
434.0000,0.0000,0.9920,0.0079,0.0000,0.0000
435.0000,0.0004,0.1914,0.8019,0.0060,0.0003
436.0000,0.0015,0.0589,0.8841,0.0531,0.0025
437.0000,0.0099,0.0432,0.2671,0.6335,0.0463
438.0000,0.0002,0.9420,0.0569,0.0005,0.0003
439.0000,0.0119,0.6504,0.2071,0.0538,0.0769
440.0000,0.0016,0.0134,0.6426,0.3378,0.0047
441.0000,0.0003,0.0154,0.9632,0.0207,0.0004
442.0000,0.0002,0.0005,0.2960,0.7017,0.0016
443.0000,0.0004,0.1573,0.8358,0.0062,0.0003
444.0000,0.0059,0.2062,0.6906,0.0873,0.0100
445.0000,0.0000,0.9903,0.0097,0.0000,0.0000
446.0000,0.0016,0.6501,0.3411,0.0058,0.0015
447.0000,0.0010,0.0015,0.0035,0.7842,0.2098
448.0000,0.0012,0.0016,0.0022,0.3019,0.6930
449.0000,0.0026,0.2346,0.7218,0.0368,0.0042
450.0000,0.0031,0.5865,0.3920,0.0137,0.0047
451.0000,0.0016,0.8462,0.1451,0.0042,0.0029
452.0000,0.0244,0.1444,0.3634,0.2129,0.2548
453.0000,0.0019,0.6720,0.3162,0.0071,0.0027
454.0000,0.0014,0.0145,0.7591,0.2218,0.0032
455.0000,0.0211,0.2939,0.3787,0.1742,0.1321
456.0000,0.0022,0.7935,0.1936,0.0061,0.0045
457.0000,0.0012,0.4407,0.5449,0.0116,0.0017
458.0000,0.0030,0.0417,0.9084,0.0433,0.0037
459.0000,0.0005,0.8224,0.1752,0.0015,0.0004
460.0000,0.0016,0.9048,0.0860,0.0037,0.0039
461.0000,0.0087,0.0688,0.5179,0.3738,0.0309
462.0000,0.0001,0.9805,0.0193,0.0001,0.0001
463.0000,0.0006,0.1350,0.8564,0.0074,0.0006
464.0000,0.0009,0.8805,0.1151,0.0023,0.0012
465.0000,0.0035,0.0204,0.5621,0.3986,0.0154
466.0000,0.0005,0.8152,0.1825,0.0014,0.0004
467.0000,0.0017,0.0271,0.9438,0.0259,0.0016
468.0000,0.0017,0.0226,0.9412,0.0324,0.0021
469.0000,0.0010,0.8088,0.1857,0.0029,0.0015
470.0000,0.0004,0.0099,0.9259,0.0631,0.0008
471.0000,0.0011,0.0015,0.0021,0.3792,0.6161
472.0000,0.0010,0.0934,0.8828,0.0214,0.0014
473.0000,0.0094,0.7076,0.1851,0.0327,0.0652
474.0000,0.0007,0.0413,0.9413,0.0162,0.0005
475.0000,0.0005,0.0359,0.9485,0.0147,0.0005
476.0000,0.0000,0.9797,0.0201,0.0001,0.0001
477.0000,0.0008,0.0084,0.9303,0.0593,0.0012
478.0000,0.0016,0.2068,0.7646,0.0243,0.0027
479.0000,0.0004,0.0061,0.8083,0.1840,0.0012
480.0000,0.0005,0.0006,0.2302,0.7642,0.0044
481.0000,0.0010,0.0544,0.9276,0.0164,0.0007
482.0000,0.0005,0.0118,0.9652,0.0220,0.0005
483.0000,0.0000,0.9703,0.0296,0.0001,0.0000
484.0000,0.0001,0.0001,0.0000,0.0103,0.9896
485.0000,0.0002,0.0300,0.9530,0.0165,0.0002
486.0000,0.0007,0.1125,0.8756,0.0107,0.0005
487.0000,0.0026,0.4527,0.5217,0.0185,0.0046
488.0000,0.0007,0.0566,0.9310,0.0111,0.0006
489.0000,0.0006,0.3824,0.6123,0.0041,0.0005
490.0000,0.0009,0.3009,0.6903,0.0068,0.0011
491.0000,0.0001,0.9159,0.0834,0.0004,0.0001
492.0000,0.0027,0.1577,0.7799,0.0544,0.0053
493.0000,0.0014,0.9423,0.0434,0.0045,0.0085
494.0000,0.0021,0.0015,0.0148,0.5257,0.4560
495.0000,0.0154,0.1130,0.3436,0.1930,0.3349
496.0000,0.0073,0.4632,0.4721,0.0448,0.0126
497.0000,0.0018,0.8662,0.1247,0.0045,0.0028
498.0000,0.0047,0.6854,0.2566,0.0157,0.0377
499.0000,0.0003,0.0188,0.9633,0.0174,0.0003
500.0000,0.0009,0.0067,0.8773,0.1136,0.0016
501.0000,0.0001,0.9777,0.0220,0.0001,0.0001
502.0000,0.0004,0.0017,0.6931,0.3033,0.0014
503.0000,0.0011,0.6551,0.3325,0.0097,0.0016
504.0000,0.0005,0.0453,0.9429,0.0107,0.0006
505.0000,0.0022,0.2850,0.6823,0.0274,0.0031
506.0000,0.0007,0.4338,0.5558,0.0089,0.0008
507.0000,0.0016,0.4831,0.4993,0.0131,0.0029
508.0000,0.0000,0.9903,0.0096,0.0000,0.0000
509.0000,0.0002,0.9513,0.0478,0.0004,0.0003
510.0000,0.0000,0.9912,0.0011,0.0002,0.0075
511.0000,0.0003,0.0875,0.9031,0.0088,0.0003
512.0000,0.0009,0.0043,0.5524,0.4381,0.0043
513.0000,0.0010,0.0254,0.9492,0.0231,0.0013
514.0000,0.0015,0.0102,0.9074,0.0788,0.0021
515.0000,0.0010,0.0015,0.0026,0.1752,0.8196
516.0000,0.0004,0.5567,0.4399,0.0027,0.0003
517.0000,0.0007,0.4120,0.5812,0.0054,0.0006
518.0000,0.0027,0.5533,0.4224,0.0169,0.0047
519.0000,0.0003,0.8411,0.1575,0.0009,0.0003
520.0000,0.0006,0.0320,0.9532,0.0136,0.0005
521.0000,0.0002,0.0048,0.9596,0.0352,0.0002
522.0000,0.0012,0.7154,0.2770,0.0046,0.0018
523.0000,0.0002,0.9064,0.0930,0.0004,0.0001
524.0000,0.0027,0.5764,0.4074,0.0094,0.0040
525.0000,0.0060,0.0229,0.0968,0.8198,0.0545
526.0000,0.0003,0.8507,0.1479,0.0008,0.0003
527.0000,0.0003,0.0066,0.9703,0.0224,0.0003
528.0000,0.0008,0.0094,0.9586,0.0304,0.0008
529.0000,0.0012,0.0010,0.0012,0.4548,0.5418
530.0000,0.0036,0.0204,0.7494,0.2147,0.0120
531.0000,0.0009,0.0021,0.2227,0.7678,0.0066
532.0000,0.0001,0.9750,0.0245,0.0003,0.0002
533.0000,0.0007,0.5513,0.4438,0.0035,0.0007
534.0000,0.0001,0.0012,0.8839,0.1147,0.0002
535.0000,0.0004,0.0252,0.9613,0.0127,0.0004
536.0000,0.0012,0.1270,0.8307,0.0386,0.0024
537.0000,0.0034,0.4918,0.4821,0.0178,0.0048
538.0000,0.0007,0.0566,0.9310,0.0111,0.0006
539.0000,0.0005,0.0395,0.9403,0.0192,0.0005
540.0000,0.0014,0.8454,0.1453,0.0036,0.0043
541.0000,0.0009,0.0208,0.8680,0.1081,0.0023
542.0000,0.0004,0.0024,0.5565,0.4388,0.0019
543.0000,0.0001,0.0014,0.8687,0.1296,0.0002
544.0000,0.0011,0.3593,0.6314,0.0072,0.0009
545.0000,0.0010,0.2444,0.7461,0.0076,0.0010
546.0000,0.0037,0.0071,0.0908,0.7263,0.1721
547.0000,0.0005,0.0014,0.2653,0.7289,0.0040
548.0000,0.0007,0.7649,0.2305,0.0029,0.0009
549.0000,0.0007,0.0007,0.0022,0.1004,0.8959
550.0000,0.0002,0.0002,0.0002,0.0318,0.9676
551.0000,0.0008,0.1028,0.8634,0.0316,0.0014
552.0000,0.0004,0.8234,0.1748,0.0011,0.0003
553.0000,0.0001,0.0009,0.8280,0.1706,0.0004
554.0000,0.0082,0.0495,0.4242,0.4785,0.0397
555.0000,0.0129,0.4802,0.3708,0.0592,0.0768
556.0000,0.0005,0.8981,0.0997,0.0012,0.0006
557.0000,0.0009,0.0371,0.9455,0.0154,0.0010
558.0000,0.0009,0.0269,0.8766,0.0937,0.0019
559.0000,0.0010,0.0010,0.0714,0.9116,0.0150
560.0000,0.0002,0.9443,0.0548,0.0004,0.0002
561.0000,0.0008,0.0542,0.8963,0.0475,0.0012
562.0000,0.0040,0.3388,0.6255,0.0265,0.0052
563.0000,0.0002,0.0093,0.9676,0.0228,0.0002
564.0000,0.0002,0.9361,0.0630,0.0005,0.0002
565.0000,0.0003,0.8713,0.1273,0.0008,0.0003
566.0000,0.0000,0.9872,0.0127,0.0000,0.0000
567.0000,0.0173,0.0659,0.4295,0.2939,0.1934
568.0000,0.0008,0.7921,0.2038,0.0025,0.0008
569.0000,0.0001,0.9793,0.0205,0.0001,0.0001
570.0000,0.0002,0.8877,0.1112,0.0006,0.0002
571.0000,0.0003,0.0574,0.9326,0.0094,0.0003
572.0000,0.0033,0.6212,0.3570,0.0135,0.0050
573.0000,0.0013,0.2245,0.7480,0.0238,0.0024
574.0000,0.0053,0.5814,0.3749,0.0193,0.0191
575.0000,0.0007,0.0219,0.8948,0.0809,0.0016
576.0000,0.0002,0.9601,0.0390,0.0005,0.0002
577.0000,0.0004,0.8887,0.1090,0.0013,0.0006
578.0000,0.0010,0.6910,0.3003,0.0066,0.0011
579.0000,0.0008,0.0011,0.0612,0.9190,0.0180
580.0000,0.0005,0.0014,0.0731,0.9173,0.0077
581.0000,0.0048,0.1242,0.8273,0.0400,0.0037
582.0000,0.0101,0.1475,0.6465,0.1733,0.0226
583.0000,0.0004,0.0194,0.9625,0.0173,0.0004
584.0000,0.0003,0.0049,0.9590,0.0355,0.0003
585.0000,0.0004,0.0007,0.0727,0.9208,0.0054
586.0000,0.0003,0.0055,0.9535,0.0403,0.0004
587.0000,0.0002,0.9580,0.0409,0.0005,0.0004
588.0000,0.0007,0.2150,0.7764,0.0070,0.0008
589.0000,0.0013,0.3082,0.6755,0.0135,0.0016
590.0000,0.0017,0.0022,0.0166,0.6536,0.3259
591.0000,0.0105,0.6478,0.2830,0.0297,0.0291
592.0000,0.0085,0.0304,0.3950,0.4754,0.0908
593.0000,0.0024,0.8054,0.1774,0.0072,0.0077
594.0000,0.0007,0.0025,0.6673,0.3264,0.0031
595.0000,0.0062,0.6436,0.2083,0.0403,0.1015
596.0000,0.0126,0.3738,0.4929,0.0651,0.0556
597.0000,0.0018,0.6265,0.3578,0.0112,0.0027
598.0000,0.0005,0.0006,0.0005,0.0704,0.9280
599.0000,0.0008,0.0017,0.1359,0.8528,0.0088
600.0000,0.0006,0.0561,0.9052,0.0370,0.0011
601.0000,0.0029,0.2007,0.7307,0.0605,0.0051
602.0000,0.0014,0.8350,0.1556,0.0044,0.0036
603.0000,0.0046,0.8316,0.0708,0.0209,0.0720
604.0000,0.0004,0.6201,0.3772,0.0021,0.0003
605.0000,0.0020,0.3914,0.5902,0.0148,0.0015
606.0000,0.0013,0.0039,0.0518,0.9268,0.0162
607.0000,0.0008,0.0041,0.4369,0.5535,0.0046
608.0000,0.0008,0.6110,0.3843,0.0032,0.0007
609.0000,0.0018,0.8316,0.1594,0.0043,0.0029
610.0000,0.0013,0.0194,0.7856,0.1896,0.0041
611.0000,0.0005,0.0302,0.9528,0.0160,0.0005
612.0000,0.0015,0.3907,0.5877,0.0177,0.0025
613.0000,0.0030,0.1111,0.8502,0.0342,0.0015
614.0000,0.0004,0.0040,0.9600,0.0352,0.0004
615.0000,0.0003,0.8116,0.1867,0.0010,0.0003
616.0000,0.0034,0.3052,0.6638,0.0234,0.0043
617.0000,0.0093,0.0359,0.1248,0.6137,0.2163
618.0000,0.0006,0.1578,0.8332,0.0078,0.0007
619.0000,0.0005,0.0022,0.6280,0.3667,0.0026
620.0000,0.0005,0.0009,0.1490,0.8444,0.0051
621.0000,0.0005,0.4433,0.5527,0.0031,0.0004
622.0000,0.0003,0.0131,0.9709,0.0155,0.0003
623.0000,0.0004,0.0331,0.9539,0.0121,0.0005
624.0000,0.0003,0.9389,0.0596,0.0008,0.0004
625.0000,0.0002,0.8979,0.1015,0.0004,0.0001
626.0000,0.0006,0.9083,0.0890,0.0013,0.0008
627.0000,0.0081,0.1486,0.7559,0.0760,0.0115
628.0000,0.0001,0.9641,0.0353,0.0003,0.0002
629.0000,0.0003,0.8411,0.1575,0.0009,0.0003
630.0000,0.0015,0.0665,0.8696,0.0595,0.0030
631.0000,0.0003,0.0063,0.9621,0.0309,0.0005
632.0000,0.0003,0.9061,0.0923,0.0009,0.0004
633.0000,0.0031,0.3615,0.6129,0.0182,0.0043
634.0000,0.0009,0.4302,0.5627,0.0055,0.0007
635.0000,0.0005,0.0531,0.9365,0.0095,0.0004
636.0000,0.0006,0.8024,0.1939,0.0023,0.0008
637.0000,0.0009,0.0259,0.8713,0.1000,0.0020
638.0000,0.0009,0.0303,0.8798,0.0872,0.0018
639.0000,0.0004,0.0230,0.9615,0.0148,0.0003
640.0000,0.0005,0.5700,0.4261,0.0030,0.0004
641.0000,0.0005,0.0118,0.9652,0.0220,0.0005
642.0000,0.0009,0.0371,0.9455,0.0154,0.0010
643.0000,0.0008,0.7351,0.2594,0.0036,0.0011
644.0000,0.0004,0.8234,0.1748,0.0011,0.0003
645.0000,0.0003,0.8589,0.1399,0.0008,0.0002
646.0000,0.0009,0.0011,0.0454,0.9195,0.0331
647.0000,0.0005,0.8560,0.1414,0.0015,0.0007
648.0000,0.0006,0.0652,0.9247,0.0091,0.0005
649.0000,0.0007,0.0255,0.9570,0.0160,0.0007
650.0000,0.0003,0.0003,0.0724,0.9227,0.0042
651.0000,0.0006,0.8919,0.1050,0.0014,0.0010
652.0000,0.0001,0.9791,0.0206,0.0001,0.0001
653.0000,0.0018,0.6410,0.3498,0.0054,0.0019
654.0000,0.0011,0.4885,0.5040,0.0052,0.0012
655.0000,0.0017,0.0449,0.9268,0.0242,0.0024
656.0000,0.0032,0.0064,0.0634,0.7793,0.1477
657.0000,0.0011,0.1344,0.8313,0.0313,0.0019
658.0000,0.0017,0.0403,0.8036,0.1505,0.0039
659.0000,0.0024,0.5311,0.4420,0.0206,0.0038
660.0000,0.0002,0.9064,0.0930,0.0004,0.0001
661.0000,0.0010,0.1122,0.8742,0.0118,0.0008
662.0000,0.0002,0.0066,0.9700,0.0228,0.0003
663.0000,0.0002,0.9465,0.0525,0.0005,0.0003
664.0000,0.0000,0.9848,0.0150,0.0001,0.0000
665.0000,0.0008,0.4425,0.5504,0.0056,0.0006
666.0000,0.0011,0.4885,0.5040,0.0052,0.0012
667.0000,0.0001,0.9687,0.0309,0.0002,0.0001
668.0000,0.0007,0.4824,0.5124,0.0038,0.0006
669.0000,0.0019,0.0610,0.8333,0.0999,0.0040
670.0000,0.0010,0.2830,0.6987,0.0159,0.0015
671.0000,0.0002,0.9568,0.0425,0.0003,0.0002
672.0000,0.0006,0.0165,0.9663,0.0161,0.0006
673.0000,0.0006,0.8198,0.1771,0.0019,0.0005
674.0000,0.0083,0.4701,0.4605,0.0460,0.0152
675.0000,0.0012,0.0013,0.0019,0.4627,0.5329
676.0000,0.0001,0.9570,0.0428,0.0001,0.0000
677.0000,0.0009,0.8973,0.0988,0.0017,0.0014
678.0000,0.0004,0.0042,0.8512,0.1432,0.0010
679.0000,0.0002,0.0022,0.6569,0.3396,0.0010
680.0000,0.0004,0.6086,0.3871,0.0035,0.0004
681.0000,0.0031,0.0217,0.1452,0.7992,0.0308
682.0000,0.0067,0.6794,0.1101,0.0261,0.1777
683.0000,0.0021,0.0763,0.8923,0.0255,0.0036
684.0000,0.0001,0.0051,0.9662,0.0284,0.0002
685.0000,0.0007,0.5513,0.4438,0.0035,0.0007
686.0000,0.0028,0.1443,0.8252,0.0228,0.0049
687.0000,0.0000,0.9911,0.0088,0.0000,0.0000
688.0000,0.0263,0.1582,0.3999,0.2319,0.1838
689.0000,0.0005,0.0410,0.9420,0.0158,0.0007
690.0000,0.0002,0.9474,0.0517,0.0005,0.0003
691.0000,0.0003,0.7763,0.2221,0.0011,0.0002
692.0000,0.0009,0.7447,0.2489,0.0043,0.0012
693.0000,0.0017,0.2118,0.7537,0.0305,0.0023
694.0000,0.0041,0.0095,0.0863,0.7024,0.1977
695.0000,0.0007,0.4399,0.5538,0.0050,0.0006
696.0000,0.0001,0.9705,0.0291,0.0002,0.0001
697.0000,0.0004,0.0004,0.0004,0.0341,0.9647
698.0000,0.0034,0.4998,0.4747,0.0167,0.0053
699.0000,0.0037,0.0242,0.5937,0.3637,0.0146
700.0000,0.0070,0.2228,0.6441,0.1133,0.0129
701.0000,0.0112,0.1357,0.7445,0.1014,0.0071
702.0000,0.0006,0.4171,0.5779,0.0040,0.0005
703.0000,0.0027,0.7065,0.2773,0.0096,0.0039
704.0000,0.0010,0.3526,0.6390,0.0063,0.0010
705.0000,0.0017,0.7157,0.2714,0.0088,0.0025
706.0000,0.0036,0.0255,0.8761,0.0895,0.0053
707.0000,0.0033,0.2938,0.6828,0.0155,0.0046
708.0000,0.0012,0.0654,0.8708,0.0606,0.0021
709.0000,0.0038,0.0071,0.0100,0.1923,0.7867
710.0000,0.0042,0.1926,0.7420,0.0545,0.0066
711.0000,0.0004,0.8234,0.1748,0.0011,0.0003
712.0000,0.0003,0.0072,0.9565,0.0357,0.0003
713.0000,0.0038,0.0066,0.0549,0.7402,0.1945
714.0000,0.0032,0.0313,0.9178,0.0433,0.0044
715.0000,0.0002,0.7792,0.2192,0.0011,0.0002
716.0000,0.0011,0.0833,0.9006,0.0141,0.0009
717.0000,0.0061,0.0142,0.1774,0.7573,0.0451
718.0000,0.0026,0.5932,0.3903,0.0109,0.0030
719.0000,0.0001,0.9708,0.0288,0.0002,0.0001
720.0000,0.0004,0.4280,0.5685,0.0028,0.0003
721.0000,0.0000,0.9879,0.0119,0.0001,0.0000
722.0000,0.0002,0.8670,0.1318,0.0007,0.0002
723.0000,0.0012,0.2525,0.7238,0.0207,0.0018
724.0000,0.0011,0.0124,0.8646,0.1195,0.0024
725.0000,0.0000,0.9903,0.0096,0.0000,0.0000
726.0000,0.0011,0.0016,0.0080,0.7296,0.2596
727.0000,0.0002,0.0023,0.8827,0.1143,0.0004
728.0000,0.0020,0.6504,0.3379,0.0070,0.0026
729.0000,0.0011,0.1208,0.8661,0.0109,0.0011
730.0000,0.0019,0.3718,0.6095,0.0147,0.0022
731.0000,0.0046,0.2103,0.7472,0.0319,0.0059
732.0000,0.0005,0.7378,0.2595,0.0018,0.0004
733.0000,0.0000,0.0000,0.0000,0.0065,0.9934
734.0000,0.0133,0.0821,0.1989,0.1524,0.5533
735.0000,0.0018,0.0184,0.7833,0.1910,0.0055
736.0000,0.0012,0.0077,0.9073,0.0815,0.0024
737.0000,0.0035,0.0636,0.7448,0.1776,0.0105
738.0000,0.0003,0.0006,0.1108,0.8855,0.0028
739.0000,0.0035,0.2609,0.7043,0.0264,0.0049
740.0000,0.0008,0.0153,0.9616,0.0216,0.0006
741.0000,0.0009,0.0022,0.6916,0.3020,0.0033
742.0000,0.0014,0.0017,0.0260,0.8150,0.1559
743.0000,0.0001,0.9669,0.0324,0.0003,0.0002
744.0000,0.0015,0.2636,0.7000,0.0326,0.0023
745.0000,0.0003,0.0055,0.9535,0.0403,0.0004
746.0000,0.0002,0.9466,0.0526,0.0004,0.0002
747.0000,0.0005,0.0115,0.8776,0.1093,0.0012
748.0000,0.0028,0.6791,0.3036,0.0101,0.0043
749.0000,0.0000,0.9871,0.0128,0.0001,0.0000
750.0000,0.0001,0.9615,0.0380,0.0003,0.0001
751.0000,0.0005,0.0418,0.9161,0.0405,0.0010
752.0000,0.0005,0.6908,0.3064,0.0020,0.0004
753.0000,0.0000,0.9952,0.0007,0.0001,0.0039
754.0000,0.0242,0.1778,0.4063,0.3386,0.0530
755.0000,0.0052,0.4629,0.5043,0.0211,0.0065
756.0000,0.0001,0.9669,0.0324,0.0003,0.0002
757.0000,0.0004,0.0110,0.9667,0.0214,0.0004
758.0000,0.0063,0.1938,0.7447,0.0370,0.0182
759.0000,0.0001,0.0001,0.0001,0.0159,0.9838
760.0000,0.0007,0.6836,0.3127,0.0024,0.0006
761.0000,0.0017,0.0706,0.8578,0.0659,0.0040
762.0000,0.0008,0.8953,0.1004,0.0021,0.0014
763.0000,0.0001,0.9739,0.0255,0.0002,0.0002
764.0000,0.0026,0.0101,0.6628,0.3138,0.0106
765.0000,0.0020,0.0033,0.0077,0.5933,0.3936
766.0000,0.0004,0.9441,0.0538,0.0009,0.0009
767.0000,0.0001,0.9739,0.0255,0.0002,0.0002
768.0000,0.0000,0.9892,0.0106,0.0001,0.0000
769.0000,0.0008,0.0011,0.0023,0.8115,0.1843
770.0000,0.0018,0.7307,0.2582,0.0071,0.0021
771.0000,0.0160,0.2180,0.4660,0.0961,0.2040
772.0000,0.0002,0.0009,0.7862,0.2122,0.0005
773.0000,0.0013,0.2291,0.7579,0.0107,0.0010
774.0000,0.0002,0.9697,0.0294,0.0003,0.0003
775.0000,0.0002,0.9330,0.0659,0.0006,0.0003
776.0000,0.0005,0.0441,0.9384,0.0166,0.0004
777.0000,0.0007,0.0918,0.8953,0.0116,0.0006
778.0000,0.0003,0.9558,0.0426,0.0006,0.0007
779.0000,0.0014,0.0019,0.0368,0.9102,0.0497
780.0000,0.0004,0.4150,0.5796,0.0046,0.0004
781.0000,0.0023,0.7620,0.2250,0.0063,0.0044
782.0000,0.0015,0.0021,0.0316,0.8188,0.1459
783.0000,0.0016,0.9314,0.0544,0.0048,0.0078
784.0000,0.0001,0.9706,0.0286,0.0003,0.0003
785.0000,0.0022,0.1658,0.8096,0.0192,0.0033
786.0000,0.0108,0.0323,0.4137,0.4721,0.0711
787.0000,0.0036,0.0039,0.0410,0.7339,0.2176
788.0000,0.0001,0.0001,0.0001,0.0493,0.9504
789.0000,0.0000,0.9921,0.0079,0.0000,0.0000
790.0000,0.0013,0.8726,0.1201,0.0032,0.0027
791.0000,0.0219,0.6551,0.1605,0.0783,0.0843
792.0000,0.0000,1.0000,0.0000,0.0000,0.0000
793.0000,0.0003,0.0054,0.9709,0.0231,0.0003
794.0000,0.0002,0.0005,0.1232,0.8729,0.0031
795.0000,0.0124,0.5768,0.0704,0.0562,0.2841
796.0000,0.0009,0.0010,0.0013,0.3363,0.6606
797.0000,0.0058,0.7710,0.1834,0.0161,0.0237
798.0000,0.0016,0.0021,0.0070,0.6298,0.3596
799.0000,0.0002,0.0006,0.0003,0.0511,0.9478
800.0000,0.0025,0.0264,0.9213,0.0471,0.0027
801.0000,0.0006,0.2876,0.7061,0.0054,0.0004
802.0000,0.0005,0.9236,0.0729,0.0013,0.0017
803.0000,0.0043,0.0229,0.1620,0.7996,0.0112
804.0000,0.0003,0.0015,0.5922,0.4044,0.0015
805.0000,0.0021,0.8458,0.1400,0.0055,0.0067
806.0000,0.0006,0.4884,0.5065,0.0040,0.0005
807.0000,0.0006,0.0008,0.0367,0.9515,0.0104
808.0000,0.0065,0.0187,0.0198,0.1735,0.7815
809.0000,0.0006,0.4195,0.5744,0.0049,0.0006
810.0000,0.0186,0.1930,0.4270,0.1327,0.2286
811.0000,0.0006,0.5786,0.4172,0.0032,0.0004
812.0000,0.0000,0.9891,0.0007,0.0002,0.0101
813.0000,0.0007,0.0021,0.2696,0.7224,0.0053
814.0000,0.0007,0.0014,0.0009,0.0817,0.9153
815.0000,0.0008,0.2864,0.7042,0.0077,0.0009
816.0000,0.0015,0.0022,0.0087,0.4272,0.5605
817.0000,0.0005,0.1070,0.8828,0.0094,0.0004
818.0000,0.0023,0.1078,0.8614,0.0256,0.0029
819.0000,0.0019,0.0017,0.0153,0.7493,0.2318
820.0000,0.0001,0.9387,0.0608,0.0002,0.0001
821.0000,0.0011,0.0143,0.9074,0.0754,0.0019
822.0000,0.0003,0.9333,0.0653,0.0007,0.0004
823.0000,0.0138,0.0460,0.0839,0.4416,0.4147
824.0000,0.0014,0.0130,0.9043,0.0799,0.0014
825.0000,0.0066,0.2098,0.6843,0.0866,0.0127
826.0000,0.0000,0.9843,0.0155,0.0001,0.0000
827.0000,0.0040,0.0045,0.0114,0.2697,0.7104
828.0000,0.0017,0.0855,0.8391,0.0701,0.0036
829.0000,0.0216,0.0893,0.2265,0.3051,0.3576
830.0000,0.0001,0.9496,0.0501,0.0002,0.0001
831.0000,0.0023,0.7620,0.2250,0.0063,0.0044
832.0000,0.0203,0.5181,0.3348,0.1009,0.0260
833.0000,0.0009,0.0105,0.9155,0.0719,0.0011
834.0000,0.0001,0.0001,0.0000,0.0155,0.9843
835.0000,0.0000,0.9830,0.0168,0.0001,0.0000
836.0000,0.0000,0.9959,0.0041,0.0000,0.0000
837.0000,0.0007,0.9067,0.0869,0.0020,0.0036
838.0000,0.0007,0.1166,0.8717,0.0105,0.0005
839.0000,0.0021,0.1144,0.8590,0.0216,0.0029
840.0000,0.0003,0.8507,0.1479,0.0008,0.0003
841.0000,0.0001,0.9805,0.0193,0.0001,0.0001
842.0000,0.0003,0.0053,0.9636,0.0304,0.0004
843.0000,0.0038,0.0146,0.5120,0.4549,0.0146
844.0000,0.0090,0.3675,0.5515,0.0441,0.0279
845.0000,0.0005,0.9236,0.0729,0.0013,0.0017
846.0000,0.0014,0.0344,0.9238,0.0386,0.0018
847.0000,0.0012,0.0034,0.0157,0.9562,0.0234
848.0000,0.0010,0.0011,0.0014,0.2522,0.7443
849.0000,0.0005,0.5547,0.4416,0.0028,0.0003
850.0000,0.0006,0.0249,0.9495,0.0244,0.0006
851.0000,0.0005,0.4365,0.5587,0.0040,0.0003
852.0000,0.0004,0.1316,0.8581,0.0095,0.0004
853.0000,0.0024,0.8802,0.1047,0.0063,0.0063
854.0000,0.0000,0.9991,0.0002,0.0000,0.0007
855.0000,0.0008,0.0476,0.9370,0.0139,0.0008
856.0000,0.0037,0.0301,0.8961,0.0649,0.0052
857.0000,0.0067,0.3746,0.5422,0.0616,0.0148
858.0000,0.0023,0.9180,0.0677,0.0079,0.0041
859.0000,0.0125,0.1174,0.4915,0.3390,0.0396
860.0000,0.0004,0.7106,0.2872,0.0015,0.0003
861.0000,0.0003,0.8628,0.1358,0.0008,0.0003
862.0000,0.0006,0.9250,0.0719,0.0014,0.0010
863.0000,0.0002,0.9064,0.0930,0.0004,0.0001
864.0000,0.0006,0.7246,0.2721,0.0022,0.0005
865.0000,0.0035,0.1449,0.8002,0.0462,0.0051
866.0000,0.0010,0.2444,0.7461,0.0076,0.0010
867.0000,0.0004,0.3741,0.6215,0.0037,0.0003
868.0000,0.0006,0.8657,0.1314,0.0016,0.0007
869.0000,0.0011,0.0016,0.0048,0.3583,0.6341
870.0000,0.0202,0.2969,0.3733,0.2295,0.0800
871.0000,0.0016,0.2463,0.7019,0.0473,0.0028
872.0000,0.0001,0.0001,0.0000,0.0134,0.9864
873.0000,0.0000,0.9978,0.0022,0.0000,0.0000
874.0000,0.0016,0.0494,0.9243,0.0233,0.0014
875.0000,0.0006,0.5521,0.4431,0.0037,0.0005
876.0000,0.0002,0.0042,0.9349,0.0603,0.0003
877.0000,0.0014,0.8454,0.1453,0.0036,0.0043
878.0000,0.0006,0.1360,0.8513,0.0117,0.0004
879.0000,0.0218,0.0505,0.1451,0.6737,0.1089
880.0000,0.0025,0.5102,0.4723,0.0110,0.0039
881.0000,0.0004,0.6957,0.3015,0.0021,0.0003
882.0000,0.0137,0.0966,0.3311,0.4725,0.0861
883.0000,0.0006,0.6271,0.3689,0.0030,0.0005
884.0000,0.0005,0.0248,0.9568,0.0176,0.0004
885.0000,0.0056,0.8017,0.1201,0.0219,0.0506
886.0000,0.0002,0.8716,0.1273,0.0007,0.0002
887.0000,0.0001,0.0021,0.9117,0.0859,0.0002
888.0000,0.0008,0.0048,0.7573,0.2354,0.0017
889.0000,0.0122,0.6516,0.2372,0.0381,0.0610
890.0000,0.0005,0.9010,0.0964,0.0014,0.0007
891.0000,0.0002,0.9287,0.0703,0.0006,0.0003
892.0000,0.0006,0.0320,0.9532,0.0136,0.0005
893.0000,0.0015,0.0042,0.1879,0.7954,0.0110
894.0000,0.0001,0.9817,0.0180,0.0001,0.0001
895.0000,0.0006,0.0009,0.0346,0.9509,0.0130
896.0000,0.0001,0.9572,0.0424,0.0002,0.0001
897.0000,0.0014,0.0028,0.1404,0.8339,0.0216
898.0000,0.0000,0.9912,0.0011,0.0002,0.0075
899.0000,0.0002,0.0076,0.9710,0.0210,0.0002
900.0000,0.0001,0.9817,0.0181,0.0001,0.0001
901.0000,0.0038,0.8608,0.1172,0.0120,0.0061
902.0000,0.0007,0.1107,0.8753,0.0125,0.0008
903.0000,0.0017,0.8550,0.1357,0.0037,0.0039
904.0000,0.0005,0.0043,0.7893,0.2042,0.0016
905.0000,0.0004,0.7495,0.2482,0.0016,0.0004
906.0000,0.0003,0.0086,0.9611,0.0297,0.0003
907.0000,0.0037,0.2592,0.7074,0.0210,0.0087
908.0000,0.0017,0.0092,0.7506,0.2348,0.0036
