id,no answer,very important,quite important,not important,not at all important
0.0000,0.0018,0.7639,0.1692,0.0536,0.0114
1.0000,0.0025,0.0700,0.8615,0.0625,0.0035
2.0000,0.0167,0.0976,0.4997,0.3774,0.0087
3.0000,0.0178,0.1025,0.7153,0.1403,0.0241
4.0000,0.0016,0.4003,0.5445,0.0497,0.0039
5.0000,0.0012,0.6029,0.3651,0.0285,0.0023
6.0000,0.0018,0.6986,0.2369,0.0422,0.0205
7.0000,0.0144,0.0165,0.2877,0.4796,0.2018
8.0000,0.0024,0.4659,0.4384,0.0665,0.0268
9.0000,0.0130,0.8693,0.0851,0.0296,0.0030
10.0000,0.0067,0.5016,0.3382,0.1288,0.0247
11.0000,0.0042,0.0192,0.1331,0.5701,0.2734
12.0000,0.0012,0.9367,0.0496,0.0097,0.0027
13.0000,0.0013,0.5026,0.4699,0.0241,0.0021
14.0000,0.0089,0.1316,0.6229,0.2231,0.0134
15.0000,0.0019,0.5928,0.3790,0.0239,0.0025
16.0000,0.0016,0.8368,0.1372,0.0218,0.0027
17.0000,0.0155,0.0033,0.0775,0.7743,0.1294
18.0000,0.0070,0.1900,0.7604,0.0391,0.0035
19.0000,0.0019,0.5481,0.3851,0.0484,0.0164
20.0000,0.0895,0.1293,0.2912,0.3716,0.1184
21.0000,0.0011,0.9568,0.0313,0.0083,0.0025
22.0000,0.0161,0.1540,0.5588,0.2424,0.0286
23.0000,0.0030,0.3847,0.5477,0.0604,0.0042
24.0000,0.0025,0.4457,0.5010,0.0424,0.0085
25.0000,0.0024,0.3794,0.5609,0.0529,0.0044
26.0000,0.1209,0.4809,0.2938,0.0718,0.0326
27.0000,0.0158,0.0898,0.6286,0.1940,0.0717
28.0000,0.0028,0.3007,0.5669,0.1180,0.0116
29.0000,0.0137,0.2686,0.6590,0.0552,0.0034
30.0000,0.0215,0.0412,0.2919,0.4517,0.1937
31.0000,0.0012,0.5571,0.4151,0.0242,0.0023
32.0000,0.0015,0.9176,0.0652,0.0123,0.0034
33.0000,0.0044,0.2932,0.6266,0.0562,0.0196
34.0000,0.0019,0.6847,0.2896,0.0211,0.0027
35.0000,0.0156,0.0423,0.3343,0.4620,0.1458
36.0000,0.0052,0.5037,0.4563,0.0323,0.0024
37.0000,0.0024,0.7474,0.1922,0.0542,0.0037
38.0000,0.0016,0.3373,0.6182,0.0401,0.0028
39.0000,0.0021,0.3856,0.5736,0.0357,0.0030
40.0000,0.0019,0.7093,0.2639,0.0216,0.0033
41.0000,0.0105,0.0638,0.3989,0.3787,0.1481
42.0000,0.0038,0.2816,0.4573,0.1432,0.1142
43.0000,0.0025,0.5501,0.4197,0.0252,0.0025
44.0000,0.0013,0.4703,0.4839,0.0413,0.0032
45.0000,0.0179,0.1247,0.4302,0.3571,0.0701
46.0000,0.0013,0.5538,0.4168,0.0257,0.0024
47.0000,0.0013,0.5540,0.4066,0.0346,0.0034
48.0000,0.0018,0.6340,0.2974,0.0620,0.0048
49.0000,0.0023,0.8824,0.0910,0.0212,0.0031
50.0000,0.0018,0.7007,0.2543,0.0392,0.0040
51.0000,0.0017,0.7687,0.1778,0.0460,0.0058
52.0000,0.0017,0.4294,0.5221,0.0329,0.0140
53.0000,0.0046,0.0400,0.3829,0.5373,0.0353
54.0000,0.0020,0.2531,0.5813,0.1379,0.0258
55.0000,0.0023,0.5476,0.4206,0.0272,0.0023
56.0000,0.0032,0.1985,0.7534,0.0419,0.0030
57.0000,0.0024,0.3248,0.5809,0.0884,0.0035
58.0000,0.0040,0.1596,0.5862,0.2263,0.0239
59.0000,0.0024,0.5405,0.4235,0.0281,0.0055
60.0000,0.0015,0.8372,0.1463,0.0121,0.0028
61.0000,0.0050,0.0269,0.5558,0.3024,0.1098
62.0000,0.0033,0.0622,0.7107,0.1996,0.0241
63.0000,0.0021,0.3567,0.5939,0.0443,0.0030
64.0000,0.0030,0.5240,0.3577,0.0762,0.0391
65.0000,0.0080,0.3728,0.5710,0.0456,0.0026
66.0000,0.0163,0.1189,0.5732,0.2773,0.0142
67.0000,0.0025,0.6622,0.2627,0.0642,0.0084
68.0000,0.0021,0.4423,0.5101,0.0429,0.0026
69.0000,0.0043,0.1194,0.7509,0.0996,0.0258
70.0000,0.0019,0.3573,0.3784,0.2430,0.0193
71.0000,0.0022,0.5318,0.4082,0.0527,0.0050
72.0000,0.0027,0.9015,0.0804,0.0123,0.0030
73.0000,0.0045,0.2069,0.6324,0.1258,0.0304
74.0000,0.0019,0.6547,0.2905,0.0442,0.0087
75.0000,0.0029,0.5905,0.3436,0.0458,0.0171
76.0000,0.0012,0.9393,0.0470,0.0099,0.0027
77.0000,0.0029,0.3277,0.5150,0.1330,0.0214
78.0000,0.0134,0.4652,0.4244,0.0671,0.0299
79.0000,0.0068,0.4747,0.4831,0.0332,0.0023
80.0000,0.0016,0.4839,0.4725,0.0394,0.0026
81.0000,0.0015,0.6814,0.2835,0.0294,0.0041
82.0000,0.0112,0.1848,0.5565,0.0838,0.1636
83.0000,0.1328,0.3232,0.4760,0.0491,0.0190
84.0000,0.0287,0.2575,0.3779,0.1979,0.1380
85.0000,0.0017,0.7595,0.1879,0.0407,0.0101
86.0000,0.0090,0.7214,0.2117,0.0542,0.0038
87.0000,0.0015,0.5100,0.4537,0.0321,0.0027
88.0000,0.0111,0.0157,0.2107,0.5783,0.1842
89.0000,0.0093,0.3217,0.3437,0.2949,0.0303
90.0000,0.0018,0.4576,0.4935,0.0435,0.0036
91.0000,0.0037,0.2426,0.6065,0.0756,0.0716
92.0000,0.0043,0.1123,0.4912,0.3651,0.0271
93.0000,0.0256,0.0912,0.3849,0.4326,0.0657
94.0000,0.0018,0.5642,0.3560,0.0568,0.0212
95.0000,0.0013,0.5943,0.3776,0.0241,0.0027
96.0000,0.0060,0.0448,0.4379,0.2714,0.2400
97.0000,0.0086,0.7940,0.1603,0.0342,0.0029
98.0000,0.0151,0.0664,0.3233,0.5160,0.0792
99.0000,0.0013,0.6344,0.3363,0.0256,0.0024
100.0000,0.0016,0.8255,0.1566,0.0132,0.0031
101.0000,0.0037,0.3057,0.5900,0.0697,0.0309
102.0000,0.0231,0.2314,0.3862,0.2193,0.1400
103.0000,0.0046,0.0183,0.0986,0.3889,0.4896
104.0000,0.0130,0.0046,0.0631,0.4223,0.4970
105.0000,0.0014,0.9336,0.0505,0.0115,0.0030
106.0000,0.0080,0.3359,0.5298,0.1218,0.0046
107.0000,0.0020,0.8212,0.1441,0.0291,0.0036
108.0000,0.0015,0.8103,0.1634,0.0219,0.0029
109.0000,0.0081,0.5552,0.2783,0.1307,0.0277
110.0000,0.0020,0.1841,0.6916,0.0894,0.0330
111.0000,0.0021,0.8082,0.1571,0.0294,0.0031
112.0000,0.0021,0.3389,0.6204,0.0361,0.0026
113.0000,0.0039,0.0802,0.8329,0.0777,0.0054
114.0000,0.0040,0.2999,0.5760,0.1129,0.0072
115.0000,0.0015,0.8073,0.1745,0.0141,0.0026
116.0000,0.0192,0.0182,0.4685,0.3183,0.1758
117.0000,0.0146,0.0239,0.3433,0.4504,0.1678
118.0000,0.0016,0.5682,0.3758,0.0491,0.0053
119.0000,0.0066,0.0290,0.3238,0.4288,0.2119
120.0000,0.0019,0.7769,0.2049,0.0130,0.0032
121.0000,0.0026,0.4463,0.5066,0.0411,0.0035
122.0000,0.0060,0.0184,0.1260,0.3409,0.5087
123.0000,0.0092,0.0349,0.2923,0.4345,0.2291
124.0000,0.0160,0.0873,0.5836,0.2331,0.0801
125.0000,0.0022,0.6973,0.2525,0.0434,0.0047
126.0000,0.0222,0.0186,0.4170,0.3975,0.1449
127.0000,0.0035,0.4417,0.5148,0.0370,0.0029
128.0000,0.0024,0.6385,0.2275,0.0732,0.0585
129.0000,0.0035,0.0913,0.7422,0.1560,0.0069
130.0000,0.0034,0.1170,0.6422,0.1982,0.0392
131.0000,0.0040,0.1403,0.3079,0.1481,0.3997
132.0000,0.0016,0.8310,0.1511,0.0134,0.0029
133.0000,0.0117,0.1452,0.5352,0.2056,0.1022
134.0000,0.0023,0.3841,0.5101,0.0771,0.0263
135.0000,0.0035,0.6022,0.3555,0.0361,0.0027
136.0000,0.0320,0.1535,0.4388,0.2560,0.1198
137.0000,0.0026,0.2921,0.6679,0.0343,0.0031
138.0000,0.0141,0.1210,0.1436,0.4964,0.2249
139.0000,0.0052,0.1422,0.5941,0.2021,0.0564
140.0000,0.0070,0.3463,0.5711,0.0536,0.0219
141.0000,0.0042,0.1722,0.6666,0.1335,0.0235
142.0000,0.0019,0.5588,0.3983,0.0352,0.0058
143.0000,0.0144,0.1776,0.5995,0.1789,0.0295
144.0000,0.0019,0.6233,0.3389,0.0323,0.0036
145.0000,0.0280,0.0589,0.2242,0.5160,0.1729
146.0000,0.0049,0.3031,0.5360,0.1218,0.0341
147.0000,0.0407,0.1587,0.5774,0.1930,0.0302
148.0000,0.0176,0.0620,0.5994,0.2839,0.0371
149.0000,0.0025,0.5182,0.4162,0.0542,0.0089
150.0000,0.3387,0.0689,0.4258,0.1392,0.0273
151.0000,0.0051,0.0213,0.1988,0.2811,0.4937
152.0000,0.0015,0.8608,0.1130,0.0213,0.0035
153.0000,0.0022,0.6955,0.2588,0.0398,0.0037
154.0000,0.0011,0.9455,0.0410,0.0097,0.0026
155.0000,0.0403,0.0658,0.2860,0.4504,0.1575
156.0000,0.0043,0.2298,0.6670,0.0714,0.0275
157.0000,0.0016,0.7610,0.2209,0.0131,0.0035
158.0000,0.0389,0.0926,0.5857,0.2531,0.0298
159.0000,0.0189,0.0421,0.1563,0.5392,0.2435
160.0000,0.0096,0.3328,0.5786,0.0737,0.0053
161.0000,0.0015,0.8455,0.1288,0.0214,0.0028
162.0000,0.0153,0.0184,0.0820,0.6146,0.2696
163.0000,0.0014,0.5054,0.4611,0.0294,0.0027
164.0000,0.0130,0.4054,0.4563,0.1082,0.0170
165.0000,0.0013,0.4461,0.5183,0.0317,0.0027
166.0000,0.0045,0.5562,0.2812,0.0774,0.0808
167.0000,0.0016,0.7768,0.1869,0.0307,0.0039
168.0000,0.0021,0.5088,0.4385,0.0455,0.0051
169.0000,0.0037,0.4891,0.3456,0.1492,0.0124
170.0000,0.0016,0.7517,0.2089,0.0303,0.0076
171.0000,0.0014,0.4957,0.4500,0.0492,0.0037
172.0000,0.0025,0.0709,0.7712,0.1279,0.0276
173.0000,0.0046,0.2552,0.6480,0.0673,0.0248
174.0000,0.0078,0.0714,0.7150,0.1695,0.0363
175.0000,0.0221,0.1616,0.6786,0.1250,0.0127
176.0000,0.0034,0.0178,0.3415,0.5336,0.1037
177.0000,0.0097,0.1737,0.7324,0.0615,0.0227
178.0000,0.0020,0.8936,0.0787,0.0216,0.0041
179.0000,0.0031,0.3696,0.5690,0.0523,0.0059
180.0000,0.0025,0.3238,0.6153,0.0536,0.0048
181.0000,0.0024,0.1325,0.6842,0.1750,0.0058
182.0000,0.0017,0.9269,0.0579,0.0111,0.0024
183.0000,0.0021,0.5434,0.4229,0.0292,0.0023
184.0000,0.0153,0.0175,0.3873,0.4987,0.0812
185.0000,0.0096,0.4432,0.4764,0.0496,0.0212
186.0000,0.0013,0.8998,0.0852,0.0107,0.0029
187.0000,0.0014,0.6422,0.3312,0.0227,0.0025
188.0000,0.0132,0.2036,0.6437,0.1140,0.0255
189.0000,0.0015,0.8868,0.0826,0.0259,0.0032
190.0000,0.0052,0.0282,0.4816,0.3681,0.1169
191.0000,0.0022,0.6883,0.2863,0.0205,0.0028
192.0000,0.0045,0.1975,0.4215,0.1589,0.2175
193.0000,0.0110,0.0414,0.3052,0.5048,0.1377
194.0000,0.0022,0.6858,0.2204,0.0645,0.0272
195.0000,0.0079,0.0433,0.3952,0.4728,0.0808
196.0000,0.0021,0.4921,0.4738,0.0298,0.0023
197.0000,0.0013,0.9527,0.0340,0.0098,0.0023
198.0000,0.0177,0.0540,0.2311,0.5656,0.1316
199.0000,0.0014,0.6018,0.3677,0.0262,0.0029
200.0000,0.0313,0.0814,0.5539,0.2294,0.1040
201.0000,0.0119,0.0068,0.0755,0.2496,0.6561
202.0000,0.0033,0.5770,0.3872,0.0300,0.0025
203.0000,0.0014,0.6337,0.3432,0.0193,0.0024
204.0000,0.0022,0.6835,0.2682,0.0281,0.0180
205.0000,0.0025,0.1443,0.5822,0.2388,0.0322
206.0000,0.0142,0.5620,0.2698,0.0874,0.0666
207.0000,0.0013,0.4480,0.5251,0.0234,0.0022
208.0000,0.0041,0.2872,0.4851,0.1238,0.0997
209.0000,0.0024,0.3769,0.5528,0.0504,0.0176
210.0000,0.0118,0.4090,0.2461,0.2357,0.0974
211.0000,0.0035,0.1354,0.4637,0.2531,0.1443
212.0000,0.0045,0.0151,0.0914,0.6973,0.1917
213.0000,0.0085,0.2126,0.6187,0.1526,0.0076
214.0000,0.0034,0.1119,0.6244,0.2447,0.0156
215.0000,0.0030,0.2555,0.6898,0.0485,0.0032
216.0000,0.0039,0.0127,0.1153,0.5763,0.2918
217.0000,0.0015,0.8753,0.1086,0.0119,0.0027
218.0000,0.0014,0.8362,0.1314,0.0280,0.0031
219.0000,0.0015,0.7118,0.2559,0.0276,0.0032
220.0000,0.0082,0.0191,0.1989,0.5622,0.2116
221.0000,0.0016,0.8174,0.1453,0.0324,0.0033
222.0000,0.0175,0.2109,0.4405,0.2140,0.1172
223.0000,0.0014,0.8337,0.1408,0.0210,0.0032
224.0000,0.0093,0.0167,0.0546,0.3965,0.5228
225.0000,0.0029,0.1880,0.7014,0.0908,0.0168
226.0000,0.0113,0.3877,0.4744,0.1040,0.0226
227.0000,0.0022,0.3875,0.5502,0.0506,0.0094
228.0000,0.1576,0.7420,0.0613,0.0345,0.0046
229.0000,0.0017,0.5967,0.3314,0.0637,0.0064
230.0000,0.0046,0.2625,0.2934,0.2048,0.2347
231.0000,0.0042,0.1099,0.6701,0.1904,0.0254
232.0000,0.0018,0.8803,0.1012,0.0139,0.0028
233.0000,0.0088,0.2063,0.4250,0.1737,0.1862
234.0000,0.0052,0.0711,0.3611,0.3804,0.1823
235.0000,0.0073,0.0196,0.3690,0.4734,0.1307
236.0000,0.0034,0.1153,0.7625,0.1132,0.0057
237.0000,0.0015,0.8976,0.0768,0.0212,0.0029
238.0000,0.0033,0.0956,0.7977,0.0885,0.0149
239.0000,0.0016,0.7866,0.1518,0.0373,0.0226
240.0000,0.0147,0.0705,0.7348,0.1666,0.0133
241.0000,0.0166,0.5012,0.3499,0.0977,0.0346
242.0000,0.0021,0.7732,0.2082,0.0129,0.0036
243.0000,0.0025,0.5058,0.4071,0.0627,0.0219
244.0000,0.0014,0.7967,0.1696,0.0295,0.0028
245.0000,0.0019,0.5154,0.4412,0.0381,0.0034
246.0000,0.0013,0.9306,0.0445,0.0204,0.0031
247.0000,0.0363,0.5880,0.2660,0.0768,0.0329
248.0000,0.0096,0.6139,0.2667,0.0724,0.0375
249.0000,0.0065,0.0535,0.8580,0.0767,0.0053
250.0000,0.0025,0.4688,0.4980,0.0283,0.0025
251.0000,0.0021,0.8300,0.1438,0.0212,0.0030
252.0000,0.0017,0.6650,0.3102,0.0205,0.0026
253.0000,0.0022,0.3891,0.5491,0.0450,0.0145
254.0000,0.0088,0.1813,0.4277,0.2402,0.1419
255.0000,0.0062,0.5620,0.2902,0.0782,0.0634
256.0000,0.0013,0.9106,0.0546,0.0304,0.0031
257.0000,0.0215,0.0189,0.2107,0.5130,0.2360
258.0000,0.0019,0.7768,0.1869,0.0306,0.0037
259.0000,0.0019,0.7271,0.2018,0.0493,0.0198
260.0000,0.0050,0.1121,0.3770,0.3391,0.1668
261.0000,0.0018,0.6032,0.3465,0.0436,0.0049
262.0000,0.0015,0.7521,0.1882,0.0398,0.0185
263.0000,0.0040,0.0618,0.4118,0.4265,0.0959
264.0000,0.0049,0.0208,0.4944,0.2832,0.1967
265.0000,0.0045,0.1187,0.3604,0.2899,0.2265
266.0000,0.0042,0.1384,0.4840,0.2586,0.1148
267.0000,0.0019,0.7237,0.2520,0.0198,0.0027
268.0000,0.0013,0.5114,0.4527,0.0322,0.0024
269.0000,0.0014,0.6790,0.2954,0.0217,0.0026
270.0000,0.0121,0.3455,0.4990,0.0760,0.0674
271.0000,0.0016,0.8190,0.1529,0.0227,0.0039
272.0000,0.0021,0.5885,0.3377,0.0527,0.0190
273.0000,0.0046,0.3453,0.5187,0.0771,0.0543
274.0000,0.0104,0.0032,0.0629,0.4813,0.4422
275.0000,0.0019,0.6317,0.3090,0.0483,0.0091
276.0000,0.0015,0.8665,0.1180,0.0114,0.0025
277.0000,0.0016,0.7075,0.2540,0.0339,0.0030
278.0000,0.0021,0.7569,0.2064,0.0311,0.0036
279.0000,0.0065,0.3737,0.5623,0.0446,0.0129
280.0000,0.0022,0.8619,0.1058,0.0257,0.0044
281.0000,0.0016,0.4964,0.4734,0.0264,0.0022
282.0000,0.0147,0.0603,0.4638,0.2938,0.1674
283.0000,0.0101,0.5587,0.3125,0.0836,0.0352
284.0000,0.0014,0.8161,0.1673,0.0120,0.0032
285.0000,0.0119,0.1448,0.7238,0.0926,0.0268
286.0000,0.0016,0.8974,0.0864,0.0117,0.0030
287.0000,0.1715,0.2713,0.4778,0.0506,0.0288
288.0000,0.0041,0.0130,0.1608,0.5444,0.2777
289.0000,0.0058,0.3048,0.6372,0.0486,0.0035
290.0000,0.0060,0.1709,0.4694,0.3236,0.0301
291.0000,0.0292,0.0642,0.5800,0.2575,0.0691
292.0000,0.0176,0.0212,0.2146,0.3180,0.4286
293.0000,0.0022,0.8155,0.1590,0.0205,0.0028
294.0000,0.0144,0.1820,0.5784,0.1817,0.0435
295.0000,0.0976,0.0144,0.1453,0.2444,0.4983
296.0000,0.0126,0.2050,0.5627,0.1493,0.0705
297.0000,0.0088,0.8417,0.1203,0.0249,0.0043
298.0000,0.0041,0.1669,0.5315,0.2645,0.0329
299.0000,0.0018,0.4086,0.5537,0.0336,0.0023
300.0000,0.0050,0.1689,0.7093,0.0875,0.0293
301.0000,0.0048,0.0891,0.5961,0.2782,0.0319
302.0000,0.2785,0.0805,0.0655,0.1399,0.4356
303.0000,0.0034,0.0543,0.3995,0.5090,0.0338
304.0000,0.0057,0.0507,0.5313,0.2942,0.1181
305.0000,0.0020,0.6200,0.3355,0.0390,0.0035
306.0000,0.0019,0.5687,0.3626,0.0447,0.0222
307.0000,0.0015,0.9212,0.0591,0.0150,0.0032
308.0000,0.0012,0.9482,0.0388,0.0092,0.0026
309.0000,0.0018,0.4262,0.5323,0.0370,0.0028
310.0000,0.0030,0.0794,0.3898,0.4923,0.0355
311.0000,0.0019,0.6160,0.3393,0.0390,0.0038
312.0000,0.0022,0.2859,0.6462,0.0522,0.0135
313.0000,0.0537,0.4071,0.4867,0.0480,0.0046
314.0000,0.0040,0.4382,0.4802,0.0557,0.0217
315.0000,0.0031,0.4938,0.2308,0.1777,0.0945
316.0000,0.0019,0.8274,0.1537,0.0140,0.0030
317.0000,0.0039,0.0683,0.6666,0.2332,0.0280
318.0000,0.0014,0.6543,0.3217,0.0201,0.0025
319.0000,0.0065,0.2345,0.5518,0.1504,0.0566
320.0000,0.0019,0.4440,0.5102,0.0417,0.0023
321.0000,0.0037,0.1904,0.6759,0.1075,0.0226
322.0000,0.0028,0.1932,0.7544,0.0456,0.0040
323.0000,0.0014,0.5450,0.3915,0.0460,0.0161
324.0000,0.0297,0.0867,0.4438,0.3752,0.0646
325.0000,0.0014,0.5283,0.4167,0.0454,0.0081
326.0000,0.0028,0.6225,0.2714,0.0699,0.0335
327.0000,0.0015,0.5248,0.4358,0.0348,0.0031
328.0000,0.0110,0.6120,0.3294,0.0399,0.0078
329.0000,0.0157,0.2907,0.6411,0.0495,0.0030
330.0000,0.0027,0.7650,0.2065,0.0229,0.0029
331.0000,0.0108,0.3228,0.4840,0.1456,0.0368
332.0000,0.0017,0.4292,0.5357,0.0312,0.0022
333.0000,0.0016,0.6005,0.3639,0.0315,0.0025
334.0000,0.0042,0.0085,0.0402,0.4883,0.4588
335.0000,0.0014,0.5371,0.4361,0.0231,0.0022
336.0000,0.0014,0.5913,0.3758,0.0291,0.0024
337.0000,0.0016,0.4958,0.4697,0.0308,0.0022
338.0000,0.0079,0.2085,0.7130,0.0667,0.0038
339.0000,0.0022,0.7172,0.2468,0.0295,0.0043
340.0000,0.0034,0.2868,0.6460,0.0569,0.0070
341.0000,0.0034,0.3777,0.5752,0.0409,0.0027
342.0000,0.0014,0.9287,0.0560,0.0112,0.0026
343.0000,0.0026,0.3852,0.5513,0.0554,0.0055
344.0000,0.0022,0.7648,0.1694,0.0572,0.0064
345.0000,0.0043,0.1766,0.7141,0.1008,0.0042
346.0000,0.0064,0.4249,0.3221,0.2124,0.0342
347.0000,0.0151,0.0041,0.0312,0.2377,0.7119
348.0000,0.0016,0.8158,0.1472,0.0299,0.0054
349.0000,0.0029,0.1789,0.7493,0.0646,0.0043
350.0000,0.0153,0.6054,0.2110,0.1243,0.0440
351.0000,0.0046,0.1029,0.5571,0.2581,0.0772
352.0000,0.0017,0.6341,0.3254,0.0356,0.0031
353.0000,0.0015,0.7687,0.2136,0.0129,0.0033
354.0000,0.0046,0.0053,0.0580,0.2400,0.6920
355.0000,0.0016,0.3349,0.6138,0.0465,0.0032
356.0000,0.0241,0.0181,0.4447,0.4157,0.0974
357.0000,0.0028,0.6247,0.3219,0.0450,0.0056
358.0000,0.0019,0.8954,0.0777,0.0216,0.0034
359.0000,0.0020,0.8841,0.0985,0.0126,0.0028
360.0000,0.0013,0.9384,0.0466,0.0109,0.0029
361.0000,0.0014,0.8744,0.1117,0.0102,0.0023
362.0000,0.0118,0.6033,0.3291,0.0517,0.0041
363.0000,0.0013,0.9033,0.0822,0.0103,0.0028
364.0000,0.0219,0.1691,0.5539,0.1716,0.0835
365.0000,0.0014,0.8006,0.1838,0.0115,0.0027
366.0000,0.0036,0.5863,0.3712,0.0352,0.0037
367.0000,0.0039,0.0217,0.1348,0.2193,0.6204
368.0000,0.0019,0.6194,0.3467,0.0293,0.0027
369.0000,0.0015,0.8364,0.1474,0.0116,0.0031
370.0000,0.0031,0.4131,0.4824,0.0705,0.0308
371.0000,0.0035,0.3295,0.5754,0.0688,0.0228
372.0000,0.0106,0.7639,0.1394,0.0779,0.0082
373.0000,0.0021,0.8125,0.1525,0.0298,0.0031
374.0000,0.0082,0.5072,0.3653,0.0877,0.0316
375.0000,0.0265,0.1656,0.4601,0.2204,0.1275
376.0000,0.0168,0.1736,0.6563,0.1314,0.0219
377.0000,0.0039,0.4230,0.5469,0.0235,0.0028
378.0000,0.0029,0.2004,0.6677,0.0940,0.0349
379.0000,0.0041,0.1689,0.6867,0.1170,0.0233
380.0000,0.0061,0.0201,0.4746,0.4153,0.0838
381.0000,0.0035,0.2240,0.7158,0.0526,0.0041
382.0000,0.0214,0.0790,0.5611,0.2987,0.0398
383.0000,0.0021,0.3432,0.6112,0.0400,0.0035
384.0000,0.0157,0.1587,0.5083,0.2675,0.0498
385.0000,0.0016,0.8105,0.1433,0.0403,0.0043
386.0000,0.0168,0.0731,0.3793,0.3780,0.1528
387.0000,0.0077,0.0340,0.3691,0.3744,0.2148
388.0000,0.0062,0.0191,0.4859,0.4270,0.0618
389.0000,0.0223,0.0727,0.5826,0.2104,0.1120
390.0000,0.0046,0.0998,0.7546,0.1083,0.0328
391.0000,0.0185,0.1997,0.2953,0.2283,0.2582
392.0000,0.0160,0.0503,0.6586,0.2636,0.0114
393.0000,0.0037,0.1100,0.6327,0.2304,0.0232
394.0000,0.0015,0.8796,0.1037,0.0120,0.0032
395.0000,0.0171,0.0730,0.1515,0.4449,0.3134
396.0000,0.0076,0.7458,0.1679,0.0551,0.0237
397.0000,0.0031,0.5665,0.3542,0.0631,0.0131
398.0000,0.0020,0.6704,0.2954,0.0292,0.0030
399.0000,0.0042,0.1172,0.3657,0.2765,0.2364
400.0000,0.0023,0.6979,0.2429,0.0464,0.0105
401.0000,0.0032,0.2591,0.6220,0.0937,0.0219
402.0000,0.0019,0.5808,0.3691,0.0430,0.0052
403.0000,0.0089,0.3684,0.5817,0.0386,0.0025
404.0000,0.0023,0.5436,0.3233,0.0885,0.0423
405.0000,0.0020,0.4015,0.4342,0.0680,0.0943
406.0000,0.0027,0.2660,0.6406,0.0872,0.0035
407.0000,0.0018,0.3917,0.4876,0.1081,0.0108
408.0000,0.0042,0.0183,0.4229,0.5016,0.0529
409.0000,0.0026,0.4328,0.5309,0.0314,0.0024
410.0000,0.0016,0.7997,0.1729,0.0225,0.0033
411.0000,0.0017,0.7692,0.1622,0.0461,0.0208
412.0000,0.0291,0.0145,0.0631,0.5997,0.2937
413.0000,0.0016,0.8858,0.0791,0.0302,0.0034
414.0000,0.0038,0.1278,0.4508,0.3677,0.0499
415.0000,0.0103,0.1056,0.5552,0.1512,0.1777
416.0000,0.0019,0.3505,0.5967,0.0482,0.0028
417.0000,0.0046,0.0481,0.4153,0.4967,0.0353
418.0000,0.0015,0.8688,0.1001,0.0261,0.0035
419.0000,0.0271,0.0229,0.3597,0.4689,0.1214
420.0000,0.0029,0.2693,0.4386,0.1702,0.1190
421.0000,0.0034,0.3432,0.4826,0.0841,0.0868
422.0000,0.0031,0.2537,0.5799,0.1414,0.0219
423.0000,0.0018,0.4872,0.4801,0.0286,0.0023
424.0000,0.0047,0.2795,0.5922,0.1185,0.0051
425.0000,0.0181,0.1081,0.3690,0.4786,0.0262
426.0000,0.0017,0.3951,0.4826,0.0813,0.0393
427.0000,0.0013,0.5496,0.4034,0.0426,0.0031
428.0000,0.0014,0.7043,0.2620,0.0291,0.0032
429.0000,0.0052,0.2123,0.4266,0.2388,0.1170
430.0000,0.0066,0.8084,0.1576,0.0210,0.0064
431.0000,0.0032,0.6904,0.2449,0.0551,0.0063
432.0000,0.0132,0.0174,0.4634,0.4695,0.0365
433.0000,0.0329,0.0920,0.4674,0.1949,0.2127
434.0000,0.0015,0.8844,0.0981,0.0128,0.0033
435.0000,0.0083,0.3667,0.5818,0.0388,0.0044
436.0000,0.0062,0.3736,0.5612,0.0491,0.0099
437.0000,0.0947,0.0556,0.1799,0.1771,0.4927
438.0000,0.0016,0.7621,0.2106,0.0231,0.0027
439.0000,0.0025,0.3528,0.4392,0.0759,0.1296
440.0000,0.0023,0.5596,0.3660,0.0591,0.0130
441.0000,0.0028,0.3039,0.6343,0.0542,0.0048
442.0000,0.0204,0.1056,0.4712,0.3179,0.0849
443.0000,0.0012,0.5118,0.4658,0.0188,0.0025
444.0000,0.0128,0.4224,0.4744,0.0858,0.0046
445.0000,0.0026,0.5208,0.4472,0.0267,0.0027
446.0000,0.0034,0.7184,0.2148,0.0513,0.0122
447.0000,0.0203,0.0193,0.1194,0.7311,0.1099
448.0000,0.0141,0.0130,0.1937,0.5369,0.2424
449.0000,0.0026,0.4810,0.4760,0.0376,0.0028
450.0000,0.0024,0.5001,0.4486,0.0444,0.0046
451.0000,0.0016,0.7200,0.2213,0.0360,0.0212
452.0000,0.0122,0.0489,0.5606,0.2987,0.0796
453.0000,0.0026,0.1918,0.7488,0.0532,0.0036
454.0000,0.0028,0.2691,0.6289,0.0880,0.0112
455.0000,0.0032,0.4846,0.3757,0.0742,0.0623
456.0000,0.0020,0.6764,0.2666,0.0453,0.0097
457.0000,0.0173,0.4974,0.4491,0.0334,0.0028
458.0000,0.0119,0.1578,0.6198,0.1999,0.0106
459.0000,0.0014,0.7989,0.1701,0.0270,0.0026
460.0000,0.0028,0.4596,0.4244,0.0647,0.0485
461.0000,0.0138,0.0718,0.6822,0.1945,0.0377
462.0000,0.0013,0.6453,0.3278,0.0230,0.0025
463.0000,0.0014,0.5954,0.3886,0.0117,0.0029
464.0000,0.0023,0.6012,0.3316,0.0459,0.0190
465.0000,0.0033,0.4565,0.3249,0.1494,0.0658
466.0000,0.0033,0.4909,0.4764,0.0270,0.0024
467.0000,0.0012,0.4750,0.4947,0.0267,0.0025
468.0000,0.0081,0.3142,0.5654,0.1051,0.0073
469.0000,0.0015,0.7322,0.2414,0.0216,0.0033
470.0000,0.0115,0.2512,0.6895,0.0415,0.0063
471.0000,0.0024,0.0148,0.1611,0.3698,0.4520
472.0000,0.0012,0.5857,0.3835,0.0272,0.0023
473.0000,0.0030,0.5736,0.2582,0.0753,0.0899
474.0000,0.0027,0.1170,0.8147,0.0617,0.0040
475.0000,0.0016,0.3781,0.5711,0.0461,0.0031
476.0000,0.0018,0.8970,0.0779,0.0204,0.0029
477.0000,0.0031,0.1633,0.6471,0.1601,0.0265
478.0000,0.0012,0.9444,0.0415,0.0101,0.0028
479.0000,0.0034,0.1637,0.7538,0.0589,0.0201
480.0000,0.0037,0.0472,0.4463,0.4444,0.0583
481.0000,0.0029,0.1412,0.7139,0.1356,0.0065
482.0000,0.0036,0.2691,0.6652,0.0572,0.0049
483.0000,0.0016,0.5149,0.4407,0.0381,0.0047
484.0000,0.0049,0.0044,0.0382,0.1223,0.8302
485.0000,0.0013,0.6005,0.3660,0.0293,0.0029
486.0000,0.0035,0.4470,0.4528,0.0858,0.0107
487.0000,0.0017,0.5621,0.3979,0.0357,0.0025
488.0000,0.0193,0.2531,0.6594,0.0588,0.0093
489.0000,0.0019,0.5138,0.4545,0.0271,0.0027
490.0000,0.0013,0.9393,0.0467,0.0103,0.0024
491.0000,0.0058,0.5912,0.3736,0.0268,0.0026
492.0000,0.0019,0.3878,0.5567,0.0501,0.0034
493.0000,0.0246,0.2843,0.4081,0.2071,0.0759
494.0000,0.0181,0.0575,0.1304,0.5545,0.2395
495.0000,0.0123,0.0373,0.4194,0.4622,0.0688
496.0000,0.0040,0.2447,0.6502,0.0786,0.0226
497.0000,0.0020,0.4934,0.4632,0.0384,0.0030
498.0000,0.0020,0.8614,0.1044,0.0287,0.0036
499.0000,0.0021,0.4416,0.5051,0.0476,0.0036
500.0000,0.0238,0.0841,0.6029,0.2627,0.0265
501.0000,0.0021,0.7990,0.1837,0.0124,0.0028
502.0000,0.0053,0.0457,0.4549,0.4598,0.0343
503.0000,0.1193,0.1098,0.5931,0.1515,0.0263
504.0000,0.0019,0.5097,0.4488,0.0366,0.0031
505.0000,0.0017,0.4781,0.4856,0.0324,0.0022
506.0000,0.0021,0.4474,0.5099,0.0378,0.0028
507.0000,0.0022,0.8219,0.1437,0.0291,0.0031
508.0000,0.0018,0.6410,0.3296,0.0250,0.0027
509.0000,0.0016,0.5991,0.3630,0.0338,0.0025
510.0000,0.0113,0.3250,0.4739,0.1356,0.0542
511.0000,0.0027,0.5988,0.3631,0.0328,0.0026
512.0000,0.0256,0.1487,0.5233,0.2189,0.0836
513.0000,0.0021,0.4296,0.5366,0.0292,0.0026
514.0000,0.0030,0.2024,0.5650,0.1990,0.0306
515.0000,0.0040,0.0194,0.2256,0.2556,0.4953
516.0000,0.0023,0.5393,0.3958,0.0581,0.0044
517.0000,0.0028,0.1708,0.7783,0.0446,0.0035
518.0000,0.0018,0.8130,0.1516,0.0303,0.0033
519.0000,0.0018,0.7020,0.2723,0.0212,0.0027
520.0000,0.0018,0.3901,0.5539,0.0490,0.0052
521.0000,0.0021,0.3407,0.6226,0.0320,0.0025
522.0000,0.0020,0.6623,0.3124,0.0207,0.0026
523.0000,0.0024,0.5154,0.4567,0.0232,0.0024
524.0000,0.0042,0.2245,0.6115,0.1523,0.0075
525.0000,0.0296,0.6780,0.1148,0.1204,0.0572
526.0000,0.0015,0.7068,0.2760,0.0125,0.0032
527.0000,0.0026,0.2786,0.6635,0.0514,0.0038
528.0000,0.0180,0.1826,0.6706,0.1226,0.0062
529.0000,0.0250,0.0285,0.0525,0.3952,0.4989
530.0000,0.0100,0.1847,0.6049,0.1567,0.0437
531.0000,0.0049,0.0672,0.5175,0.3046,0.1058
532.0000,0.0013,0.5590,0.3935,0.0429,0.0033
533.0000,0.0018,0.5060,0.4663,0.0235,0.0023
534.0000,0.0167,0.2066,0.5567,0.1592,0.0607
535.0000,0.0034,0.5247,0.4443,0.0253,0.0024
536.0000,0.0012,0.9396,0.0471,0.0094,0.0026
537.0000,0.0018,0.6870,0.2953,0.0133,0.0027
538.0000,0.0054,0.4208,0.5382,0.0331,0.0025
539.0000,0.0023,0.7293,0.2420,0.0239,0.0025
540.0000,0.0025,0.7074,0.2300,0.0356,0.0244
541.0000,0.0021,0.3963,0.5407,0.0520,0.0090
542.0000,0.0189,0.0788,0.5514,0.2762,0.0746
543.0000,0.0251,0.0808,0.4231,0.3819,0.0892
544.0000,0.0024,0.3970,0.5482,0.0470,0.0054
545.0000,0.0017,0.5251,0.4479,0.0229,0.0024
546.0000,0.0231,0.0227,0.3160,0.4683,0.1700
547.0000,0.0113,0.1945,0.3521,0.3565,0.0855
548.0000,0.0018,0.6971,0.2865,0.0122,0.0024
549.0000,0.0635,0.0526,0.2357,0.4314,0.2168
550.0000,0.0444,0.0060,0.0748,0.7201,0.1549
551.0000,0.0024,0.6471,0.3251,0.0228,0.0026
552.0000,0.0013,0.6398,0.3368,0.0193,0.0028
553.0000,0.0143,0.1177,0.7723,0.0896,0.0061
554.0000,0.0079,0.6092,0.3107,0.0539,0.0183
555.0000,0.0155,0.2635,0.5095,0.1575,0.0541
556.0000,0.0014,0.6885,0.2763,0.0311,0.0028
557.0000,0.0028,0.4501,0.4960,0.0472,0.0039
558.0000,0.0026,0.3447,0.5799,0.0530,0.0198
559.0000,0.0249,0.1039,0.3790,0.4025,0.0897
560.0000,0.0014,0.9119,0.0738,0.0099,0.0030
561.0000,0.0115,0.1668,0.7536,0.0639,0.0042
562.0000,0.0060,0.2335,0.6942,0.0555,0.0107
563.0000,0.0023,0.4725,0.4926,0.0303,0.0024
564.0000,0.0015,0.8400,0.1440,0.0118,0.0027
565.0000,0.0012,0.9394,0.0471,0.0100,0.0023
566.0000,0.0013,0.9290,0.0566,0.0103,0.0028
567.0000,0.0019,0.4309,0.4671,0.0718,0.0283
568.0000,0.0016,0.7560,0.2228,0.0163,0.0034
569.0000,0.0016,0.8301,0.1526,0.0129,0.0029
570.0000,0.0021,0.8447,0.1280,0.0217,0.0036
571.0000,0.0014,0.4743,0.4874,0.0345,0.0024
572.0000,0.0020,0.6352,0.3137,0.0418,0.0074
573.0000,0.0025,0.6627,0.3009,0.0305,0.0034
574.0000,0.0019,0.4358,0.4727,0.0643,0.0253
575.0000,0.0028,0.3476,0.5954,0.0477,0.0066
576.0000,0.0022,0.4875,0.4693,0.0386,0.0023
577.0000,0.0016,0.8558,0.1280,0.0119,0.0027
578.0000,0.0018,0.4444,0.5065,0.0433,0.0040
579.0000,0.0056,0.0163,0.3566,0.5584,0.0632
580.0000,0.0034,0.0365,0.4473,0.4499,0.0629
581.0000,0.0118,0.4061,0.3933,0.1374,0.0513
582.0000,0.0088,0.4948,0.2319,0.1511,0.1134
583.0000,0.0037,0.3233,0.6190,0.0506,0.0034
584.0000,0.0071,0.1836,0.6497,0.1471,0.0123
585.0000,0.0032,0.0169,0.4085,0.5184,0.0529
586.0000,0.0153,0.2199,0.7167,0.0442,0.0039
587.0000,0.0027,0.5410,0.3862,0.0469,0.0233
588.0000,0.0015,0.8954,0.0876,0.0122,0.0033
589.0000,0.0018,0.6024,0.3813,0.0121,0.0025
590.0000,0.0043,0.0228,0.0421,0.1863,0.7445
591.0000,0.0024,0.6204,0.2357,0.0799,0.0615
592.0000,0.0056,0.1423,0.5696,0.1947,0.0878
593.0000,0.0022,0.5882,0.3139,0.0651,0.0306
594.0000,0.0044,0.1057,0.4973,0.3579,0.0346
595.0000,0.0237,0.3706,0.4299,0.1478,0.0280
596.0000,0.0174,0.2505,0.4636,0.1215,0.1470
597.0000,0.0016,0.8690,0.1150,0.0117,0.0026
598.0000,0.0262,0.0220,0.1370,0.2875,0.5273
599.0000,0.0063,0.0175,0.3674,0.5249,0.0839
600.0000,0.0016,0.6888,0.2684,0.0383,0.0029
601.0000,0.0130,0.3699,0.5530,0.0562,0.0078
602.0000,0.0102,0.4298,0.4228,0.1116,0.0256
603.0000,0.0112,0.2630,0.5045,0.1514,0.0699
604.0000,0.0015,0.5944,0.3800,0.0217,0.0025
605.0000,0.2624,0.1907,0.3447,0.1644,0.0377
606.0000,0.0365,0.1002,0.1062,0.5698,0.1873
607.0000,0.0023,0.7800,0.1694,0.0438,0.0045
608.0000,0.0020,0.5488,0.4109,0.0349,0.0034
609.0000,0.0015,0.5996,0.3516,0.0419,0.0055
610.0000,0.0022,0.7147,0.2319,0.0477,0.0035
611.0000,0.0020,0.6638,0.3026,0.0287,0.0029
612.0000,0.0015,0.7072,0.2761,0.0125,0.0028
613.0000,0.0486,0.4318,0.3867,0.0744,0.0585
614.0000,0.0053,0.1501,0.6187,0.2020,0.0239
615.0000,0.0015,0.9018,0.0810,0.0123,0.0034
616.0000,0.0037,0.1394,0.6825,0.1513,0.0232
617.0000,0.0136,0.1833,0.4484,0.1638,0.1909
618.0000,0.0015,0.9048,0.0788,0.0116,0.0033
619.0000,0.0141,0.1756,0.6418,0.1407,0.0277
620.0000,0.0240,0.1074,0.5823,0.2127,0.0736
621.0000,0.0014,0.8409,0.1353,0.0193,0.0031
622.0000,0.0020,0.4093,0.5567,0.0294,0.0025
623.0000,0.0027,0.2900,0.6549,0.0493,0.0031
624.0000,0.0030,0.7013,0.2415,0.0480,0.0062
625.0000,0.0015,0.7098,0.2641,0.0219,0.0028
626.0000,0.0022,0.4720,0.4692,0.0509,0.0057
627.0000,0.0040,0.5848,0.2102,0.1361,0.0649
628.0000,0.0021,0.6536,0.3213,0.0203,0.0026
629.0000,0.0015,0.7071,0.2669,0.0218,0.0028
630.0000,0.0041,0.3464,0.5865,0.0458,0.0171
631.0000,0.0041,0.2678,0.6738,0.0501,0.0041
632.0000,0.0015,0.6691,0.3011,0.0257,0.0026
633.0000,0.0031,0.1710,0.6258,0.1602,0.0398
634.0000,0.0308,0.4609,0.4763,0.0295,0.0025
635.0000,0.0062,0.3657,0.5899,0.0356,0.0026
636.0000,0.0052,0.4882,0.4824,0.0219,0.0023
637.0000,0.0021,0.8917,0.0810,0.0217,0.0035
638.0000,0.0030,0.6478,0.3036,0.0399,0.0057
639.0000,0.0029,0.3427,0.6071,0.0441,0.0032
640.0000,0.0030,0.2867,0.6720,0.0353,0.0029
641.0000,0.0095,0.1856,0.7425,0.0585,0.0039
642.0000,0.0025,0.3428,0.6056,0.0457,0.0035
643.0000,0.0012,0.6129,0.3557,0.0278,0.0023
644.0000,0.0017,0.5864,0.3884,0.0212,0.0023
645.0000,0.0015,0.8576,0.1191,0.0187,0.0032
646.0000,0.0080,0.0321,0.1856,0.6559,0.1184
647.0000,0.0011,0.9548,0.0345,0.0072,0.0025
648.0000,0.0020,0.3876,0.5692,0.0385,0.0027
649.0000,0.0078,0.3163,0.6305,0.0427,0.0028
650.0000,0.0089,0.0627,0.4739,0.3836,0.0710
651.0000,0.0017,0.5151,0.4560,0.0249,0.0023
652.0000,0.0189,0.4904,0.3370,0.0979,0.0558
653.0000,0.0038,0.6517,0.2181,0.0645,0.0619
654.0000,0.0017,0.8362,0.1305,0.0285,0.0030
655.0000,0.0033,0.2221,0.6322,0.0967,0.0457
656.0000,0.0279,0.0283,0.4154,0.2947,0.2338
657.0000,0.0013,0.8301,0.1551,0.0106,0.0029
658.0000,0.0024,0.6341,0.3384,0.0224,0.0026
659.0000,0.0031,0.4979,0.4637,0.0327,0.0026
660.0000,0.0016,0.6634,0.3130,0.0195,0.0025
661.0000,0.0021,0.4936,0.4548,0.0467,0.0028
662.0000,0.0034,0.2000,0.7493,0.0443,0.0031
663.0000,0.0032,0.4733,0.4825,0.0382,0.0027
664.0000,0.0010,0.9628,0.0249,0.0092,0.0021
665.0000,0.0022,0.2560,0.6931,0.0457,0.0029
666.0000,0.0015,0.8438,0.1399,0.0117,0.0031
667.0000,0.0017,0.8829,0.0833,0.0292,0.0029
668.0000,0.0015,0.5532,0.4121,0.0309,0.0023
669.0000,0.0024,0.3715,0.5670,0.0544,0.0047
670.0000,0.0014,0.7120,0.2610,0.0229,0.0027
671.0000,0.0079,0.7533,0.2040,0.0317,0.0032
672.0000,0.0132,0.2795,0.5808,0.0993,0.0273
673.0000,0.0055,0.5559,0.3811,0.0417,0.0159
674.0000,0.0105,0.5161,0.4161,0.0536,0.0037
675.0000,0.0053,0.0198,0.3297,0.4041,0.2411
676.0000,0.0015,0.9242,0.0594,0.0117,0.0032
677.0000,0.0083,0.5484,0.4208,0.0201,0.0024
678.0000,0.0056,0.1698,0.7218,0.0796,0.0232
679.0000,0.0164,0.5855,0.2995,0.0698,0.0288
680.0000,0.0025,0.4880,0.4116,0.0849,0.0130
681.0000,0.0296,0.1427,0.5744,0.2165,0.0368
682.0000,0.0027,0.5653,0.3325,0.0691,0.0304
683.0000,0.0017,0.5362,0.4088,0.0441,0.0093
684.0000,0.0043,0.1524,0.7965,0.0434,0.0034
685.0000,0.0023,0.4295,0.5406,0.0253,0.0023
686.0000,0.0051,0.4456,0.4508,0.0673,0.0312
687.0000,0.0017,0.7084,0.2635,0.0236,0.0028
688.0000,0.0531,0.1223,0.4433,0.1900,0.1913
689.0000,0.0031,0.7137,0.2497,0.0303,0.0032
690.0000,0.0013,0.8856,0.0996,0.0105,0.0029
691.0000,0.0019,0.6030,0.3652,0.0275,0.0024
692.0000,0.4056,0.1364,0.2856,0.0897,0.0827
693.0000,0.0024,0.7977,0.1715,0.0251,0.0032
694.0000,0.0195,0.1703,0.3274,0.2367,0.2461
695.0000,0.0013,0.5835,0.3872,0.0255,0.0025
696.0000,0.0015,0.8770,0.1071,0.0117,0.0027
697.0000,0.0041,0.0279,0.0733,0.2256,0.6691
698.0000,0.0020,0.4760,0.4799,0.0391,0.0031
699.0000,0.0035,0.5303,0.3661,0.0777,0.0224
700.0000,0.0029,0.3290,0.5737,0.0720,0.0224
701.0000,0.0016,0.8332,0.1288,0.0335,0.0029
702.0000,0.0015,0.7953,0.1781,0.0217,0.0033
703.0000,0.0017,0.4611,0.4388,0.0773,0.0211
704.0000,0.0019,0.4479,0.5175,0.0303,0.0024
705.0000,0.0014,0.6890,0.2867,0.0202,0.0027
706.0000,0.0211,0.1333,0.5745,0.2157,0.0553
707.0000,0.0085,0.3714,0.4661,0.0914,0.0626
708.0000,0.0034,0.4654,0.4964,0.0324,0.0024
709.0000,0.0169,0.0278,0.4231,0.3007,0.2316
710.0000,0.0024,0.1808,0.5266,0.2578,0.0324
711.0000,0.0015,0.6022,0.3812,0.0122,0.0028
712.0000,0.0097,0.2940,0.6395,0.0525,0.0044
713.0000,0.0030,0.0521,0.1124,0.5682,0.2643
714.0000,0.0043,0.1080,0.6159,0.2022,0.0697
715.0000,0.0015,0.7342,0.2394,0.0215,0.0033
716.0000,0.0015,0.3529,0.5969,0.0460,0.0027
717.0000,0.0147,0.0181,0.1487,0.6610,0.1575
718.0000,0.0024,0.5547,0.3758,0.0604,0.0067
719.0000,0.0037,0.6867,0.2686,0.0377,0.0033
720.0000,0.0039,0.7713,0.1990,0.0227,0.0031
721.0000,0.0013,0.5756,0.3910,0.0290,0.0031
722.0000,0.0013,0.6115,0.3641,0.0203,0.0028
723.0000,0.0026,0.5255,0.4346,0.0348,0.0026
724.0000,0.0041,0.0181,0.4179,0.5216,0.0384
725.0000,0.0051,0.4685,0.4828,0.0401,0.0035
726.0000,0.0044,0.1812,0.2775,0.4137,0.1232
727.0000,0.0073,0.0292,0.7331,0.2200,0.0104
728.0000,0.0048,0.3366,0.5225,0.1099,0.0262
729.0000,0.0026,0.4284,0.5283,0.0384,0.0024
730.0000,0.0013,0.4660,0.5018,0.0286,0.0022
731.0000,0.0128,0.3375,0.4918,0.1262,0.0316
732.0000,0.0037,0.4152,0.5416,0.0364,0.0031
733.0000,0.0038,0.0073,0.0102,0.1141,0.8646
734.0000,0.0111,0.1665,0.6344,0.1452,0.0428
735.0000,0.0050,0.1383,0.6183,0.2102,0.0282
736.0000,0.0045,0.0529,0.7334,0.1892,0.0201
737.0000,0.0058,0.4242,0.5260,0.0398,0.0042
738.0000,0.0043,0.1563,0.5650,0.2342,0.0402
739.0000,0.0064,0.2932,0.4758,0.1869,0.0377
740.0000,0.0023,0.1558,0.6172,0.1972,0.0275
741.0000,0.0050,0.0642,0.6848,0.1736,0.0724
742.0000,0.0187,0.0197,0.3296,0.3991,0.2330
743.0000,0.0020,0.4474,0.4991,0.0476,0.0039
744.0000,0.0038,0.1399,0.6680,0.1586,0.0297
745.0000,0.0111,0.3259,0.5841,0.0720,0.0069
746.0000,0.0015,0.8005,0.1637,0.0314,0.0029
747.0000,0.0026,0.4958,0.4685,0.0297,0.0035
748.0000,0.0020,0.4360,0.4892,0.0512,0.0217
749.0000,0.0020,0.7636,0.2092,0.0223,0.0029
750.0000,0.0015,0.7497,0.2345,0.0109,0.0033
751.0000,0.0020,0.5781,0.3836,0.0339,0.0025
752.0000,0.0015,0.7371,0.2348,0.0235,0.0029
753.0000,0.0483,0.3706,0.3874,0.1560,0.0376
754.0000,0.0055,0.0689,0.6216,0.2415,0.0626
755.0000,0.0018,0.4277,0.4248,0.1345,0.0111
756.0000,0.0014,0.6814,0.2853,0.0292,0.0027
757.0000,0.0013,0.5109,0.4517,0.0339,0.0023
758.0000,0.0020,0.4716,0.4491,0.0571,0.0202
759.0000,0.0048,0.0037,0.0526,0.4137,0.5252
760.0000,0.0013,0.6399,0.3442,0.0117,0.0029
761.0000,0.0040,0.4064,0.5332,0.0504,0.0060
762.0000,0.0013,0.8829,0.1023,0.0108,0.0027
763.0000,0.0013,0.9410,0.0400,0.0117,0.0060
764.0000,0.0185,0.0646,0.6093,0.2433,0.0643
765.0000,0.0209,0.1091,0.5111,0.2015,0.1573
766.0000,0.0019,0.6474,0.2904,0.0418,0.0185
767.0000,0.0028,0.6090,0.3092,0.0512,0.0279
768.0000,0.0015,0.8393,0.1441,0.0119,0.0032
769.0000,0.0195,0.0092,0.1275,0.6870,0.1568
770.0000,0.0021,0.7020,0.2417,0.0484,0.0058
771.0000,0.0221,0.0564,0.5479,0.2916,0.0821
772.0000,0.0029,0.5011,0.2534,0.1987,0.0439
773.0000,0.0027,0.5134,0.3687,0.1100,0.0053
774.0000,0.0021,0.8043,0.1015,0.0445,0.0476
775.0000,0.0012,0.8947,0.0922,0.0093,0.0026
776.0000,0.0036,0.3792,0.5601,0.0479,0.0092
777.0000,0.0017,0.2319,0.7216,0.0418,0.0029
778.0000,0.0017,0.8281,0.1546,0.0127,0.0029
779.0000,0.0299,0.4750,0.1497,0.2467,0.0986
780.0000,0.0023,0.3028,0.6511,0.0411,0.0028
781.0000,0.0026,0.5057,0.4307,0.0446,0.0163
782.0000,0.0197,0.0262,0.3523,0.4753,0.1265
783.0000,0.0019,0.3788,0.5449,0.0554,0.0191
784.0000,0.0182,0.7014,0.2242,0.0521,0.0042
785.0000,0.0018,0.4880,0.4387,0.0530,0.0186
786.0000,0.0087,0.1788,0.4320,0.2352,0.1453
787.0000,0.0158,0.0836,0.4848,0.3003,0.1155
788.0000,0.0132,0.0151,0.0424,0.2215,0.7077
789.0000,0.0014,0.9199,0.0643,0.0112,0.0031
790.0000,0.0016,0.7690,0.2117,0.0143,0.0034
791.0000,0.8841,0.0594,0.0186,0.0283,0.0096
792.0000,0.0602,0.1745,0.4854,0.2487,0.0312
793.0000,0.0019,0.1801,0.7637,0.0509,0.0034
794.0000,0.0041,0.0240,0.2475,0.6500,0.0745
795.0000,0.0027,0.6597,0.2303,0.0778,0.0296
796.0000,0.0027,0.0036,0.0370,0.3324,0.6243
797.0000,0.0019,0.6140,0.2735,0.0809,0.0297
798.0000,0.0028,0.0258,0.1323,0.3022,0.5369
799.0000,0.0110,0.0376,0.0762,0.1279,0.7473
800.0000,0.0068,0.1949,0.5231,0.1660,0.1092
801.0000,0.0017,0.4695,0.4997,0.0268,0.0022
802.0000,0.0014,0.8268,0.1479,0.0209,0.0030
803.0000,0.0371,0.1958,0.2291,0.2767,0.2611
804.0000,0.0058,0.5672,0.2755,0.1245,0.0270
805.0000,0.0016,0.6310,0.2985,0.0498,0.0192
806.0000,0.0021,0.2610,0.6950,0.0391,0.0028
807.0000,0.0027,0.0176,0.3693,0.5738,0.0367
808.0000,0.0056,0.1036,0.2608,0.2266,0.4034
809.0000,0.0018,0.3981,0.5574,0.0396,0.0031
810.0000,0.0155,0.1879,0.5447,0.1632,0.0886
811.0000,0.0035,0.3220,0.6262,0.0447,0.0036
812.0000,0.0524,0.4535,0.3324,0.0945,0.0673
813.0000,0.0048,0.1443,0.4671,0.3350,0.0489
814.0000,0.0179,0.0044,0.0294,0.1484,0.7999
815.0000,0.0019,0.5185,0.4412,0.0359,0.0025
816.0000,0.0072,0.0140,0.0606,0.6324,0.2858
817.0000,0.0022,0.1377,0.7968,0.0601,0.0031
818.0000,0.0017,0.3319,0.5788,0.0671,0.0205
819.0000,0.0188,0.1833,0.4307,0.2520,0.1152
820.0000,0.0021,0.8271,0.1400,0.0279,0.0029
821.0000,0.0023,0.8397,0.0932,0.0551,0.0097
822.0000,0.0017,0.5375,0.3755,0.0583,0.0269
823.0000,0.0229,0.0539,0.1418,0.3454,0.4359
824.0000,0.0293,0.1647,0.5369,0.1864,0.0827
825.0000,0.0044,0.1223,0.5777,0.2162,0.0795
826.0000,0.0024,0.5169,0.4574,0.0209,0.0024
827.0000,0.0193,0.0195,0.1158,0.4320,0.4134
828.0000,0.0040,0.6603,0.2862,0.0464,0.0032
829.0000,0.0274,0.0643,0.6866,0.2065,0.0153
830.0000,0.0033,0.3701,0.5839,0.0392,0.0035
831.0000,0.0019,0.5018,0.4360,0.0403,0.0199
832.0000,0.2111,0.3445,0.1772,0.1978,0.0694
833.0000,0.0088,0.1165,0.6624,0.1871,0.0252
834.0000,0.0046,0.0043,0.0142,0.1600,0.8169
835.0000,0.0066,0.5009,0.4455,0.0434,0.0037
836.0000,0.0012,0.9390,0.0457,0.0112,0.0029
837.0000,0.0084,0.3152,0.6317,0.0401,0.0046
838.0000,0.0028,0.4940,0.4442,0.0538,0.0053
839.0000,0.0015,0.4052,0.5169,0.0555,0.0209
840.0000,0.0015,0.8250,0.1580,0.0121,0.0033
841.0000,0.0015,0.7835,0.1994,0.0123,0.0033
842.0000,0.0027,0.2237,0.7111,0.0578,0.0047
843.0000,0.0188,0.1683,0.5730,0.1805,0.0594
844.0000,0.0112,0.1398,0.5586,0.2111,0.0792
845.0000,0.0020,0.8363,0.1097,0.0457,0.0062
846.0000,0.0226,0.0575,0.7592,0.1458,0.0149
847.0000,0.0103,0.4004,0.2403,0.2361,0.1129
848.0000,0.0181,0.0230,0.1572,0.2940,0.5077
849.0000,0.0016,0.5465,0.4116,0.0372,0.0031
850.0000,0.0143,0.1794,0.7422,0.0585,0.0056
851.0000,0.0013,0.4749,0.4827,0.0387,0.0024
852.0000,0.0015,0.8392,0.1445,0.0116,0.0032
853.0000,0.0016,0.4957,0.4499,0.0482,0.0046
854.0000,0.0090,0.4630,0.4563,0.0670,0.0048
855.0000,0.0091,0.2326,0.7188,0.0365,0.0031
856.0000,0.0099,0.1423,0.6062,0.2058,0.0358
857.0000,0.0012,0.5827,0.3924,0.0213,0.0023
858.0000,0.0053,0.2996,0.6292,0.0554,0.0106
859.0000,0.5872,0.0189,0.0477,0.2308,0.1154
860.0000,0.0018,0.6245,0.3526,0.0187,0.0025
861.0000,0.0074,0.5450,0.4014,0.0425,0.0037
862.0000,0.0015,0.5817,0.3730,0.0272,0.0166
863.0000,0.0015,0.7716,0.2112,0.0125,0.0032
864.0000,0.0015,0.5940,0.3509,0.0463,0.0074
865.0000,0.0053,0.1868,0.6962,0.0866,0.0251
866.0000,0.0022,0.5552,0.4178,0.0225,0.0024
867.0000,0.0016,0.6928,0.2775,0.0254,0.0026
868.0000,0.0017,0.7448,0.2046,0.0449,0.0041
869.0000,0.0036,0.0032,0.0564,0.6423,0.2944
870.0000,0.2676,0.0938,0.3807,0.1531,0.1047
871.0000,0.0021,0.5316,0.4219,0.0414,0.0030
872.0000,0.0032,0.0047,0.0453,0.1880,0.7588
873.0000,0.0022,0.8248,0.1288,0.0399,0.0044
874.0000,0.0020,0.3859,0.5339,0.0555,0.0227
875.0000,0.0022,0.3773,0.5699,0.0469,0.0037
876.0000,0.0027,0.5289,0.3450,0.1157,0.0076
877.0000,0.0022,0.7551,0.1500,0.0635,0.0292
878.0000,0.0037,0.3749,0.5338,0.0812,0.0064
879.0000,0.3767,0.1052,0.2412,0.2369,0.0399
880.0000,0.0096,0.1367,0.6406,0.1871,0.0260
881.0000,0.0020,0.5477,0.4129,0.0348,0.0026
882.0000,0.0127,0.0862,0.6105,0.2304,0.0602
883.0000,0.0020,0.5715,0.3909,0.0329,0.0027
884.0000,0.0045,0.1121,0.8002,0.0791,0.0040
885.0000,0.0048,0.4849,0.2880,0.1213,0.1010
886.0000,0.0015,0.5085,0.4501,0.0374,0.0025
887.0000,0.0030,0.0804,0.6862,0.1981,0.0323
888.0000,0.0124,0.1834,0.5744,0.1995,0.0303
889.0000,0.0028,0.4276,0.4298,0.0724,0.0674
890.0000,0.0013,0.6318,0.3351,0.0294,0.0024
891.0000,0.0023,0.7237,0.2407,0.0303,0.0031
892.0000,0.0040,0.3260,0.6118,0.0536,0.0046
893.0000,0.0029,0.3848,0.5449,0.0485,0.0189
894.0000,0.0029,0.5671,0.3931,0.0344,0.0024
895.0000,0.0040,0.0141,0.1698,0.7525,0.0596
896.0000,0.0067,0.3799,0.5632,0.0465,0.0037
897.0000,0.0056,0.0495,0.4048,0.4490,0.0912
898.0000,0.0238,0.2579,0.4726,0.1739,0.0718
899.0000,0.0060,0.3520,0.6066,0.0327,0.0027
900.0000,0.0015,0.8762,0.0982,0.0211,0.0029
901.0000,0.0136,0.3443,0.5119,0.1071,0.0231
902.0000,0.0019,0.7118,0.2559,0.0277,0.0028
903.0000,0.0020,0.4990,0.3779,0.0648,0.0564
904.0000,0.0050,0.1666,0.7022,0.1042,0.0221
905.0000,0.0013,0.9248,0.0614,0.0102,0.0024
906.0000,0.0058,0.1440,0.7709,0.0753,0.0040
907.0000,0.0025,0.4719,0.4460,0.0572,0.0225
908.0000,0.0258,0.0641,0.5263,0.2898,0.0940
