id,no answer,very important,quite important,not important,not at all important
0.0000,0.0015,0.7345,0.2062,0.0497,0.0080
1.0000,0.0035,0.1049,0.8287,0.0562,0.0066
2.0000,0.0050,0.1123,0.6397,0.2182,0.0248
3.0000,0.0270,0.1418,0.6358,0.1555,0.0398
4.0000,0.0039,0.1805,0.7440,0.0643,0.0073
5.0000,0.0019,0.5524,0.4032,0.0389,0.0035
6.0000,0.0015,0.7131,0.2304,0.0349,0.0202
7.0000,0.0132,0.0320,0.2525,0.4773,0.2249
8.0000,0.0030,0.5540,0.3510,0.0670,0.0249
9.0000,0.0140,0.8572,0.0953,0.0301,0.0035
10.0000,0.0092,0.4480,0.3516,0.1422,0.0490
11.0000,0.0062,0.0292,0.1456,0.5283,0.2906
12.0000,0.0011,0.9513,0.0347,0.0098,0.0031
13.0000,0.0011,0.4814,0.4859,0.0284,0.0031
14.0000,0.0043,0.1462,0.6582,0.1823,0.0090
15.0000,0.0017,0.4990,0.4655,0.0307,0.0032
16.0000,0.0020,0.8029,0.1691,0.0227,0.0033
17.0000,0.0072,0.0029,0.0608,0.8142,0.1148
18.0000,0.0059,0.1899,0.7519,0.0477,0.0045
19.0000,0.0035,0.5067,0.4111,0.0589,0.0197
20.0000,0.1891,0.0995,0.2666,0.2034,0.2415
21.0000,0.0013,0.9329,0.0528,0.0097,0.0034
22.0000,0.0178,0.1691,0.6007,0.1787,0.0337
23.0000,0.0036,0.4185,0.5151,0.0564,0.0065
24.0000,0.0020,0.4629,0.4691,0.0546,0.0114
25.0000,0.0034,0.2739,0.6672,0.0504,0.0051
26.0000,0.0589,0.5524,0.2596,0.0964,0.0326
27.0000,0.0066,0.1002,0.6292,0.2107,0.0532
28.0000,0.0035,0.3412,0.5501,0.1003,0.0049
29.0000,0.0173,0.3305,0.5953,0.0468,0.0101
30.0000,0.0279,0.0279,0.2814,0.4223,0.2405
31.0000,0.0012,0.5501,0.4162,0.0294,0.0031
32.0000,0.0012,0.9071,0.0765,0.0120,0.0032
33.0000,0.0049,0.3273,0.5955,0.0606,0.0117
34.0000,0.0012,0.7237,0.2529,0.0192,0.0031
35.0000,0.0070,0.1097,0.3233,0.3596,0.2004
36.0000,0.0026,0.4990,0.4647,0.0303,0.0034
37.0000,0.0022,0.8309,0.1331,0.0288,0.0051
38.0000,0.0013,0.2939,0.6548,0.0456,0.0044
39.0000,0.0024,0.3981,0.5530,0.0431,0.0035
40.0000,0.0011,0.6284,0.3525,0.0150,0.0030
41.0000,0.0109,0.0869,0.3870,0.3938,0.1213
42.0000,0.0042,0.2848,0.3272,0.2419,0.1419
43.0000,0.0025,0.4949,0.4737,0.0259,0.0030
44.0000,0.0032,0.4570,0.4812,0.0449,0.0136
45.0000,0.0062,0.2808,0.3856,0.2602,0.0671
46.0000,0.0011,0.5163,0.4587,0.0208,0.0032
47.0000,0.0021,0.5671,0.3920,0.0316,0.0072
48.0000,0.0014,0.6371,0.3102,0.0474,0.0039
49.0000,0.0064,0.8148,0.1537,0.0217,0.0034
50.0000,0.0014,0.6982,0.2636,0.0322,0.0046
51.0000,0.0016,0.7090,0.2100,0.0554,0.0240
52.0000,0.0023,0.3543,0.5857,0.0522,0.0056
53.0000,0.0086,0.0958,0.4110,0.4514,0.0332
54.0000,0.0020,0.2128,0.6380,0.1099,0.0373
55.0000,0.0018,0.6268,0.3462,0.0221,0.0030
56.0000,0.0026,0.1468,0.7990,0.0462,0.0054
57.0000,0.0038,0.2739,0.6514,0.0660,0.0049
58.0000,0.0045,0.1635,0.6018,0.2047,0.0255
59.0000,0.0033,0.5664,0.3714,0.0530,0.0058
60.0000,0.0014,0.8265,0.1536,0.0149,0.0036
61.0000,0.0128,0.0304,0.5309,0.3082,0.1178
62.0000,0.0034,0.0518,0.7089,0.2037,0.0323
63.0000,0.0017,0.4542,0.4971,0.0424,0.0046
64.0000,0.0013,0.4725,0.4291,0.0715,0.0255
65.0000,0.0029,0.3946,0.5590,0.0399,0.0038
66.0000,0.0049,0.0903,0.5929,0.2827,0.0291
67.0000,0.0029,0.6650,0.2765,0.0500,0.0056
68.0000,0.0030,0.4478,0.4934,0.0517,0.0041
69.0000,0.0044,0.0688,0.7900,0.1282,0.0086
70.0000,0.0028,0.4250,0.3278,0.2280,0.0165
71.0000,0.0021,0.6053,0.3298,0.0566,0.0063
72.0000,0.0022,0.8801,0.0891,0.0236,0.0050
73.0000,0.0065,0.2231,0.5858,0.1403,0.0444
74.0000,0.0027,0.5489,0.3929,0.0475,0.0079
75.0000,0.0041,0.6893,0.2160,0.0644,0.0262
76.0000,0.0012,0.9333,0.0531,0.0093,0.0031
77.0000,0.0089,0.3157,0.5049,0.1403,0.0301
78.0000,0.0223,0.5576,0.3481,0.0600,0.0121
79.0000,0.0029,0.4406,0.5248,0.0285,0.0032
80.0000,0.0012,0.5231,0.4306,0.0415,0.0036
81.0000,0.0012,0.6605,0.3127,0.0219,0.0036
82.0000,0.0065,0.2061,0.5894,0.1007,0.0973
83.0000,0.1816,0.2704,0.4878,0.0484,0.0118
84.0000,0.0335,0.3114,0.3428,0.1382,0.1740
85.0000,0.0015,0.6657,0.2871,0.0385,0.0073
86.0000,0.0014,0.7367,0.2109,0.0472,0.0038
87.0000,0.0017,0.5891,0.3913,0.0149,0.0030
88.0000,0.0069,0.0269,0.1959,0.5674,0.2028
89.0000,0.0108,0.2280,0.4107,0.3188,0.0317
90.0000,0.0023,0.4831,0.4692,0.0380,0.0074
91.0000,0.0018,0.2269,0.5956,0.1115,0.0642
92.0000,0.0180,0.2032,0.3764,0.3731,0.0293
93.0000,0.0267,0.1067,0.4208,0.4135,0.0323
94.0000,0.0020,0.5036,0.4184,0.0532,0.0228
95.0000,0.0013,0.6378,0.3405,0.0164,0.0039
96.0000,0.0061,0.0421,0.5322,0.2429,0.1767
97.0000,0.0020,0.7614,0.1929,0.0402,0.0035
98.0000,0.0046,0.0652,0.3158,0.5314,0.0829
99.0000,0.0012,0.5076,0.4602,0.0278,0.0032
100.0000,0.0019,0.7884,0.1928,0.0137,0.0032
101.0000,0.0033,0.2116,0.6150,0.1390,0.0310
102.0000,0.0198,0.1997,0.3804,0.1715,0.2286
103.0000,0.0055,0.0122,0.1057,0.3730,0.5036
104.0000,0.0257,0.0108,0.0901,0.4407,0.4327
105.0000,0.0012,0.9203,0.0650,0.0105,0.0030
106.0000,0.0065,0.2484,0.6233,0.1171,0.0048
107.0000,0.0025,0.7947,0.1811,0.0186,0.0032
108.0000,0.0015,0.7422,0.2202,0.0326,0.0035
109.0000,0.0033,0.4882,0.3413,0.1238,0.0434
110.0000,0.0019,0.2151,0.6677,0.0843,0.0311
111.0000,0.0034,0.7804,0.1955,0.0175,0.0033
112.0000,0.0013,0.3027,0.6360,0.0548,0.0052
113.0000,0.0045,0.0991,0.8175,0.0714,0.0075
114.0000,0.0021,0.3497,0.5261,0.1161,0.0060
115.0000,0.0011,0.6660,0.3069,0.0232,0.0028
116.0000,0.0195,0.0230,0.3842,0.4480,0.1253
117.0000,0.0264,0.0301,0.3500,0.4215,0.1720
118.0000,0.0020,0.5458,0.3959,0.0506,0.0057
119.0000,0.0066,0.0450,0.2626,0.5132,0.1726
120.0000,0.0013,0.7645,0.2161,0.0147,0.0034
121.0000,0.0057,0.3539,0.6040,0.0319,0.0044
122.0000,0.0065,0.0226,0.1407,0.3290,0.5011
123.0000,0.0185,0.0181,0.3175,0.4405,0.2054
124.0000,0.0063,0.1615,0.4970,0.2640,0.0712
125.0000,0.0034,0.7395,0.2122,0.0398,0.0052
126.0000,0.0249,0.0337,0.3462,0.4724,0.1228
127.0000,0.0016,0.4710,0.4773,0.0448,0.0053
128.0000,0.0029,0.6214,0.2573,0.0768,0.0417
129.0000,0.0077,0.0799,0.7330,0.1606,0.0189
130.0000,0.0123,0.0529,0.6829,0.2341,0.0177
131.0000,0.0028,0.1672,0.3551,0.1350,0.3399
132.0000,0.0020,0.8754,0.1109,0.0087,0.0030
133.0000,0.0110,0.1664,0.5132,0.2002,0.1093
134.0000,0.0020,0.4054,0.5052,0.0652,0.0222
135.0000,0.0129,0.7048,0.2464,0.0327,0.0033
136.0000,0.0353,0.1837,0.3117,0.2541,0.2151
137.0000,0.0036,0.2179,0.7231,0.0499,0.0055
138.0000,0.0114,0.1031,0.1608,0.5005,0.2242
139.0000,0.0050,0.1293,0.5139,0.3177,0.0341
140.0000,0.0060,0.4003,0.5041,0.0655,0.0241
141.0000,0.0036,0.2244,0.6662,0.0927,0.0132
142.0000,0.0049,0.5851,0.3795,0.0257,0.0048
143.0000,0.0040,0.2194,0.6778,0.0843,0.0144
144.0000,0.0014,0.6962,0.2785,0.0188,0.0051
145.0000,0.0329,0.0303,0.2680,0.3883,0.2805
146.0000,0.0042,0.3542,0.4976,0.0838,0.0602
147.0000,0.0293,0.1439,0.6095,0.1878,0.0295
148.0000,0.0093,0.0799,0.6312,0.2457,0.0338
149.0000,0.0033,0.4975,0.4633,0.0310,0.0049
150.0000,0.0600,0.1177,0.5832,0.2040,0.0351
151.0000,0.0064,0.0264,0.2052,0.2890,0.4730
152.0000,0.0014,0.8503,0.1318,0.0127,0.0037
153.0000,0.0013,0.6849,0.2737,0.0365,0.0035
154.0000,0.0013,0.8486,0.1309,0.0157,0.0035
155.0000,0.0115,0.0419,0.4332,0.3896,0.1238
156.0000,0.0063,0.2112,0.6794,0.0760,0.0272
157.0000,0.0013,0.7750,0.2045,0.0159,0.0033
158.0000,0.0280,0.1059,0.5674,0.2571,0.0417
159.0000,0.0132,0.0174,0.1415,0.5889,0.2390
160.0000,0.0285,0.2441,0.6243,0.0944,0.0087
161.0000,0.0021,0.8938,0.0870,0.0135,0.0036
162.0000,0.0133,0.0288,0.0966,0.4387,0.4226
163.0000,0.0011,0.4878,0.4804,0.0275,0.0032
164.0000,0.0162,0.3474,0.5391,0.0900,0.0073
165.0000,0.0018,0.4608,0.5082,0.0264,0.0028
166.0000,0.0031,0.5248,0.3657,0.0688,0.0376
167.0000,0.0023,0.7554,0.2145,0.0240,0.0038
168.0000,0.0022,0.4021,0.5482,0.0419,0.0055
169.0000,0.0042,0.5230,0.3272,0.1352,0.0104
170.0000,0.0031,0.7052,0.2403,0.0453,0.0061
171.0000,0.0012,0.4753,0.4608,0.0582,0.0046
172.0000,0.0017,0.1045,0.7784,0.1078,0.0076
173.0000,0.0084,0.2703,0.6184,0.0734,0.0296
174.0000,0.0109,0.0445,0.6937,0.1896,0.0614
175.0000,0.0216,0.2375,0.6341,0.1003,0.0065
176.0000,0.0064,0.0098,0.3123,0.5440,0.1274
177.0000,0.0042,0.1820,0.7256,0.0730,0.0151
178.0000,0.0020,0.9080,0.0710,0.0153,0.0036
179.0000,0.0034,0.3496,0.5773,0.0597,0.0100
180.0000,0.0077,0.3513,0.5825,0.0530,0.0056
181.0000,0.0041,0.1714,0.6502,0.1682,0.0061
182.0000,0.0012,0.8925,0.0905,0.0125,0.0032
183.0000,0.0030,0.4963,0.4573,0.0398,0.0036
184.0000,0.0065,0.0220,0.3742,0.5365,0.0607
185.0000,0.0026,0.4349,0.4956,0.0554,0.0116
186.0000,0.0013,0.8925,0.0880,0.0147,0.0035
187.0000,0.0028,0.5032,0.4625,0.0284,0.0031
188.0000,0.0041,0.2095,0.6323,0.1268,0.0273
189.0000,0.0013,0.8866,0.0954,0.0132,0.0035
190.0000,0.0060,0.0367,0.4294,0.4506,0.0773
191.0000,0.0033,0.7446,0.2276,0.0210,0.0035
192.0000,0.0151,0.1566,0.3490,0.1703,0.3089
193.0000,0.0062,0.0330,0.3279,0.5397,0.0931
194.0000,0.0016,0.7046,0.2033,0.0626,0.0279
195.0000,0.0202,0.0349,0.3284,0.5344,0.0822
196.0000,0.0030,0.3659,0.5876,0.0395,0.0041
197.0000,0.0014,0.9235,0.0559,0.0155,0.0038
198.0000,0.0207,0.0504,0.2249,0.5914,0.1125
199.0000,0.0012,0.4934,0.4649,0.0355,0.0051
200.0000,0.0319,0.1186,0.4777,0.2801,0.0917
201.0000,0.0120,0.0096,0.0633,0.2989,0.6161
202.0000,0.0032,0.6061,0.3466,0.0396,0.0045
203.0000,0.0019,0.7270,0.2494,0.0185,0.0031
204.0000,0.0021,0.7260,0.2314,0.0356,0.0049
205.0000,0.0034,0.1400,0.6506,0.1884,0.0176
206.0000,0.0034,0.6814,0.2225,0.0640,0.0287
207.0000,0.0032,0.3072,0.6526,0.0335,0.0035
208.0000,0.0063,0.2561,0.5021,0.1534,0.0822
209.0000,0.0021,0.3665,0.5364,0.0675,0.0275
210.0000,0.0060,0.5560,0.1825,0.1651,0.0903
211.0000,0.0023,0.0914,0.3312,0.2909,0.2842
212.0000,0.0110,0.0161,0.1308,0.6805,0.1616
213.0000,0.0073,0.1562,0.6111,0.2174,0.0080
214.0000,0.0046,0.0959,0.6623,0.2188,0.0184
215.0000,0.0030,0.2957,0.6471,0.0497,0.0045
216.0000,0.0037,0.0182,0.1218,0.5368,0.3195
217.0000,0.0013,0.7804,0.1968,0.0179,0.0035
218.0000,0.0014,0.7873,0.1891,0.0190,0.0032
219.0000,0.0013,0.8298,0.1495,0.0162,0.0032
220.0000,0.0063,0.0165,0.2192,0.5675,0.1905
221.0000,0.0015,0.7992,0.1449,0.0479,0.0065
222.0000,0.0068,0.2552,0.3880,0.2207,0.1292
223.0000,0.0013,0.8023,0.1678,0.0249,0.0037
224.0000,0.0059,0.0109,0.0647,0.4798,0.4387
225.0000,0.0016,0.2163,0.6635,0.1088,0.0098
226.0000,0.0038,0.3659,0.5097,0.0879,0.0327
227.0000,0.0024,0.4142,0.5244,0.0534,0.0057
228.0000,0.0626,0.8179,0.0868,0.0290,0.0037
229.0000,0.0015,0.6052,0.3020,0.0842,0.0071
230.0000,0.0023,0.2233,0.4334,0.1623,0.1788
231.0000,0.0023,0.1265,0.6650,0.1942,0.0120
232.0000,0.0014,0.8461,0.1265,0.0223,0.0037
233.0000,0.0106,0.2597,0.4513,0.1522,0.1262
234.0000,0.0032,0.0459,0.3383,0.4414,0.1713
235.0000,0.0061,0.0347,0.3540,0.4897,0.1154
236.0000,0.0044,0.1540,0.6540,0.1771,0.0105
237.0000,0.0021,0.8840,0.0970,0.0136,0.0033
238.0000,0.0017,0.1232,0.6987,0.1599,0.0165
239.0000,0.0035,0.7226,0.2348,0.0297,0.0094
240.0000,0.0077,0.1070,0.6489,0.2261,0.0103
241.0000,0.0109,0.6557,0.1906,0.1101,0.0327
242.0000,0.0019,0.8050,0.1752,0.0145,0.0033
243.0000,0.0019,0.4763,0.4323,0.0587,0.0307
244.0000,0.0014,0.7252,0.2347,0.0339,0.0048
245.0000,0.0031,0.5968,0.3677,0.0280,0.0043
246.0000,0.0011,0.9561,0.0281,0.0119,0.0028
247.0000,0.0298,0.5545,0.3054,0.0767,0.0335
248.0000,0.0028,0.7208,0.1979,0.0498,0.0287
249.0000,0.0048,0.0457,0.8189,0.1229,0.0077
250.0000,0.0026,0.4797,0.4897,0.0251,0.0029
251.0000,0.0012,0.8547,0.1275,0.0134,0.0031
252.0000,0.0011,0.6374,0.3430,0.0154,0.0031
253.0000,0.0013,0.3819,0.5294,0.0652,0.0222
254.0000,0.0151,0.1830,0.3116,0.4253,0.0650
255.0000,0.0066,0.5634,0.2731,0.0877,0.0692
256.0000,0.0015,0.8532,0.1204,0.0195,0.0054
257.0000,0.0200,0.0254,0.1800,0.5011,0.2736
258.0000,0.0022,0.7931,0.1847,0.0165,0.0035
259.0000,0.0015,0.7048,0.1877,0.0717,0.0344
260.0000,0.0040,0.0919,0.3810,0.3410,0.1821
261.0000,0.0015,0.6083,0.3136,0.0700,0.0066
262.0000,0.0036,0.6026,0.3232,0.0434,0.0273
263.0000,0.0100,0.0319,0.3717,0.4848,0.1017
264.0000,0.0114,0.0196,0.5247,0.2424,0.2020
265.0000,0.0067,0.1167,0.3669,0.2243,0.2854
266.0000,0.0033,0.1383,0.5006,0.2657,0.0921
267.0000,0.0011,0.5578,0.4130,0.0252,0.0028
268.0000,0.0011,0.4745,0.4855,0.0353,0.0036
269.0000,0.0011,0.5436,0.4126,0.0391,0.0036
270.0000,0.0038,0.3379,0.5064,0.0998,0.0522
271.0000,0.0014,0.7609,0.2094,0.0233,0.0050
272.0000,0.0014,0.5481,0.3807,0.0448,0.0251
273.0000,0.0470,0.3514,0.5016,0.0582,0.0417
274.0000,0.0059,0.0036,0.0624,0.4847,0.4433
275.0000,0.0021,0.6327,0.3008,0.0469,0.0175
276.0000,0.0022,0.7705,0.2092,0.0148,0.0033
277.0000,0.0013,0.7683,0.2061,0.0209,0.0034
278.0000,0.0019,0.7015,0.2622,0.0312,0.0032
279.0000,0.0033,0.5020,0.4314,0.0539,0.0093
280.0000,0.0015,0.8568,0.1154,0.0222,0.0042
281.0000,0.0020,0.4826,0.4872,0.0251,0.0031
282.0000,0.0062,0.0883,0.5070,0.2630,0.1355
283.0000,0.0142,0.5152,0.3505,0.0716,0.0485
284.0000,0.0013,0.7876,0.1898,0.0180,0.0033
285.0000,0.0033,0.1398,0.7447,0.0943,0.0179
286.0000,0.0014,0.7982,0.1798,0.0171,0.0036
287.0000,0.0551,0.3385,0.4988,0.0794,0.0282
288.0000,0.0042,0.0063,0.1115,0.5475,0.3304
289.0000,0.0026,0.2250,0.7121,0.0553,0.0050
290.0000,0.0044,0.2004,0.3753,0.3916,0.0284
291.0000,0.0202,0.0471,0.5620,0.2508,0.1199
292.0000,0.0120,0.0257,0.1788,0.2509,0.5325
293.0000,0.0023,0.7408,0.2121,0.0410,0.0039
294.0000,0.0049,0.2024,0.5800,0.1633,0.0494
295.0000,0.1514,0.0246,0.1423,0.1507,0.5310
296.0000,0.0063,0.2256,0.5269,0.1647,0.0765
297.0000,0.0037,0.7882,0.1648,0.0386,0.0047
298.0000,0.0043,0.1708,0.5010,0.2861,0.0378
299.0000,0.0017,0.4521,0.5035,0.0393,0.0034
300.0000,0.0052,0.2274,0.6401,0.0943,0.0331
301.0000,0.0044,0.1608,0.6114,0.1946,0.0287
302.0000,0.1797,0.0591,0.0894,0.2187,0.4530
303.0000,0.0041,0.0809,0.4007,0.4841,0.0302
304.0000,0.0115,0.0580,0.5076,0.3053,0.1176
305.0000,0.0012,0.5290,0.4261,0.0403,0.0034
306.0000,0.0013,0.5206,0.4130,0.0522,0.0129
307.0000,0.0011,0.9476,0.0398,0.0087,0.0029
308.0000,0.0012,0.9067,0.0786,0.0102,0.0033
309.0000,0.0016,0.4503,0.5049,0.0398,0.0034
310.0000,0.0059,0.1522,0.5424,0.2673,0.0322
311.0000,0.0020,0.7367,0.2418,0.0160,0.0035
312.0000,0.0014,0.3085,0.6401,0.0448,0.0052
313.0000,0.1747,0.4226,0.3154,0.0739,0.0134
314.0000,0.0013,0.4236,0.5020,0.0571,0.0161
315.0000,0.0060,0.4406,0.2803,0.1633,0.1097
316.0000,0.0020,0.7866,0.1903,0.0175,0.0035
317.0000,0.0047,0.1429,0.5783,0.2310,0.0431
318.0000,0.0019,0.5805,0.3891,0.0252,0.0032
319.0000,0.0107,0.1670,0.5926,0.1669,0.0629
320.0000,0.0024,0.4437,0.5152,0.0355,0.0031
321.0000,0.0035,0.1583,0.6994,0.1201,0.0188
322.0000,0.0034,0.2148,0.7312,0.0461,0.0045
323.0000,0.0012,0.4648,0.4808,0.0418,0.0113
324.0000,0.0354,0.0891,0.4568,0.3728,0.0459
325.0000,0.0013,0.5185,0.4342,0.0404,0.0056
326.0000,0.0025,0.6942,0.2239,0.0527,0.0267
327.0000,0.0020,0.5901,0.3583,0.0453,0.0042
328.0000,0.0081,0.4957,0.4475,0.0443,0.0044
329.0000,0.0167,0.3592,0.5788,0.0419,0.0034
330.0000,0.0013,0.7622,0.2074,0.0261,0.0030
331.0000,0.0049,0.2204,0.6011,0.1412,0.0324
332.0000,0.0018,0.4469,0.5135,0.0346,0.0032
333.0000,0.0012,0.6136,0.3547,0.0274,0.0031
334.0000,0.0059,0.0034,0.0457,0.5010,0.4440
335.0000,0.0011,0.5492,0.4228,0.0242,0.0027
336.0000,0.0031,0.5048,0.4577,0.0298,0.0046
337.0000,0.0011,0.4922,0.4762,0.0271,0.0033
338.0000,0.0077,0.1738,0.7333,0.0803,0.0049
339.0000,0.0037,0.7387,0.2272,0.0256,0.0049
340.0000,0.0031,0.3361,0.5966,0.0584,0.0059
341.0000,0.0026,0.4348,0.5178,0.0409,0.0038
342.0000,0.0014,0.8667,0.1143,0.0139,0.0037
343.0000,0.0037,0.4334,0.4983,0.0580,0.0066
344.0000,0.0025,0.6815,0.2515,0.0586,0.0059
345.0000,0.0023,0.1186,0.7446,0.1206,0.0138
346.0000,0.0133,0.4186,0.3307,0.2083,0.0292
347.0000,0.0214,0.0058,0.0138,0.1518,0.8072
348.0000,0.0017,0.7017,0.2248,0.0484,0.0234
349.0000,0.0031,0.1706,0.7592,0.0601,0.0071
350.0000,0.0183,0.6378,0.2472,0.0683,0.0284
351.0000,0.0054,0.0844,0.5152,0.3378,0.0572
352.0000,0.0019,0.7449,0.2189,0.0312,0.0031
353.0000,0.0014,0.7388,0.2413,0.0152,0.0034
354.0000,0.0054,0.0112,0.0417,0.2130,0.7287
355.0000,0.0011,0.4020,0.5503,0.0433,0.0033
356.0000,0.0237,0.0172,0.4400,0.4588,0.0603
357.0000,0.0144,0.7037,0.2263,0.0420,0.0136
358.0000,0.0015,0.8461,0.1259,0.0231,0.0034
359.0000,0.0033,0.8970,0.0827,0.0137,0.0033
360.0000,0.0012,0.9386,0.0468,0.0103,0.0032
361.0000,0.0023,0.8836,0.0954,0.0154,0.0033
362.0000,0.0205,0.6007,0.3263,0.0482,0.0043
363.0000,0.0013,0.8995,0.0829,0.0129,0.0034
364.0000,0.0132,0.1593,0.5172,0.2459,0.0643
365.0000,0.0012,0.8433,0.1402,0.0121,0.0032
366.0000,0.0064,0.6109,0.3454,0.0328,0.0045
367.0000,0.0191,0.0238,0.1272,0.2688,0.5610
368.0000,0.0031,0.6172,0.3502,0.0265,0.0030
369.0000,0.0013,0.8292,0.1525,0.0134,0.0035
370.0000,0.0022,0.3699,0.5275,0.0717,0.0288
371.0000,0.0023,0.3534,0.5566,0.0793,0.0082
372.0000,0.0024,0.7440,0.1750,0.0674,0.0112
373.0000,0.0035,0.7951,0.1762,0.0219,0.0034
374.0000,0.0048,0.5686,0.2873,0.1102,0.0291
375.0000,0.0367,0.1592,0.3714,0.2452,0.1875
376.0000,0.0042,0.1977,0.5899,0.1814,0.0268
377.0000,0.0046,0.4820,0.4850,0.0255,0.0030
378.0000,0.0052,0.1702,0.6154,0.1644,0.0449
379.0000,0.0045,0.1560,0.6681,0.1401,0.0313
380.0000,0.0108,0.0227,0.4391,0.4326,0.0948
381.0000,0.0019,0.2215,0.7300,0.0427,0.0038
382.0000,0.0084,0.0889,0.5750,0.2944,0.0334
383.0000,0.0018,0.3155,0.6549,0.0243,0.0034
384.0000,0.0302,0.1162,0.4643,0.2908,0.0985
385.0000,0.0014,0.7609,0.1981,0.0357,0.0039
386.0000,0.0101,0.0411,0.4230,0.4181,0.1077
387.0000,0.0062,0.0381,0.4355,0.3323,0.1879
388.0000,0.0174,0.0187,0.4735,0.4464,0.0439
389.0000,0.0116,0.0505,0.6026,0.2491,0.0861
390.0000,0.0037,0.1511,0.7588,0.0695,0.0169
391.0000,0.0211,0.1728,0.2868,0.2279,0.2914
392.0000,0.0042,0.0698,0.5626,0.3486,0.0149
393.0000,0.0019,0.1192,0.7069,0.1381,0.0339
394.0000,0.0013,0.7769,0.2039,0.0145,0.0034
395.0000,0.0071,0.0501,0.1378,0.4150,0.3899
396.0000,0.0021,0.7212,0.2041,0.0599,0.0126
397.0000,0.0024,0.5040,0.4053,0.0587,0.0297
398.0000,0.0015,0.7607,0.2086,0.0259,0.0034
399.0000,0.0059,0.0644,0.4079,0.2400,0.2817
400.0000,0.0022,0.5900,0.3291,0.0496,0.0291
401.0000,0.0041,0.2573,0.6000,0.1108,0.0278
402.0000,0.0021,0.4896,0.4193,0.0630,0.0260
403.0000,0.0019,0.3878,0.5755,0.0305,0.0043
404.0000,0.0020,0.6449,0.2190,0.0728,0.0612
405.0000,0.0016,0.4839,0.4144,0.0616,0.0385
406.0000,0.0012,0.4038,0.5188,0.0724,0.0037
407.0000,0.0023,0.2136,0.6515,0.1092,0.0235
408.0000,0.0028,0.0236,0.4513,0.4618,0.0605
409.0000,0.0019,0.2446,0.7112,0.0385,0.0037
410.0000,0.0012,0.8694,0.1143,0.0119,0.0032
411.0000,0.0015,0.7137,0.2274,0.0457,0.0117
412.0000,0.0317,0.0082,0.0952,0.5687,0.2962
413.0000,0.0013,0.8809,0.1017,0.0126,0.0034
414.0000,0.0061,0.1026,0.5072,0.3371,0.0471
415.0000,0.0124,0.1087,0.4885,0.1094,0.2811
416.0000,0.0013,0.3030,0.6449,0.0455,0.0052
417.0000,0.0048,0.0770,0.3574,0.5249,0.0359
418.0000,0.0014,0.8035,0.1660,0.0245,0.0046
419.0000,0.0114,0.0243,0.4301,0.4567,0.0775
420.0000,0.0023,0.1800,0.5001,0.1374,0.1802
421.0000,0.0019,0.3889,0.4863,0.0742,0.0488
422.0000,0.0041,0.2596,0.5963,0.1296,0.0104
423.0000,0.0016,0.5077,0.4609,0.0271,0.0028
424.0000,0.0033,0.4061,0.5203,0.0656,0.0048
425.0000,0.0245,0.1777,0.3508,0.3971,0.0500
426.0000,0.0018,0.4246,0.4238,0.0863,0.0635
427.0000,0.0012,0.5415,0.4273,0.0272,0.0029
428.0000,0.0011,0.6268,0.3460,0.0233,0.0029
429.0000,0.0113,0.1652,0.5096,0.1815,0.1323
430.0000,0.0015,0.8371,0.1383,0.0182,0.0050
431.0000,0.0015,0.6043,0.3323,0.0445,0.0174
432.0000,0.0176,0.0246,0.6530,0.2703,0.0346
433.0000,0.0162,0.0870,0.3652,0.2097,0.3219
434.0000,0.0021,0.8904,0.0884,0.0153,0.0038
435.0000,0.0055,0.3132,0.6063,0.0695,0.0056
436.0000,0.0028,0.4178,0.5216,0.0504,0.0075
437.0000,0.0252,0.0360,0.2691,0.1964,0.4732
438.0000,0.0055,0.7053,0.2590,0.0272,0.0030
439.0000,0.0030,0.3956,0.4021,0.0874,0.1119
440.0000,0.0024,0.6489,0.2826,0.0594,0.0067
441.0000,0.0031,0.2914,0.6279,0.0646,0.0129
442.0000,0.0116,0.0981,0.4680,0.2931,0.1292
443.0000,0.0011,0.4981,0.4767,0.0212,0.0029
444.0000,0.0234,0.4119,0.4524,0.1062,0.0061
445.0000,0.0020,0.5675,0.4016,0.0255,0.0034
446.0000,0.0027,0.7328,0.2001,0.0463,0.0181
447.0000,0.0338,0.0080,0.1418,0.6883,0.1282
448.0000,0.0273,0.0084,0.2304,0.5315,0.2023
449.0000,0.0018,0.5333,0.4183,0.0426,0.0040
450.0000,0.0013,0.4892,0.4458,0.0486,0.0151
451.0000,0.0014,0.7035,0.2482,0.0381,0.0087
452.0000,0.0041,0.0442,0.7013,0.1914,0.0590
453.0000,0.0021,0.2151,0.6762,0.1004,0.0062
454.0000,0.0017,0.1896,0.6667,0.1147,0.0273
455.0000,0.0026,0.4474,0.4206,0.0738,0.0555
456.0000,0.0014,0.6644,0.2758,0.0444,0.0140
457.0000,0.0114,0.6422,0.3153,0.0281,0.0030
458.0000,0.0077,0.0852,0.5709,0.3265,0.0097
459.0000,0.0014,0.7731,0.1965,0.0252,0.0039
460.0000,0.0018,0.3547,0.5118,0.0759,0.0558
461.0000,0.0081,0.1039,0.6547,0.1977,0.0355
462.0000,0.0013,0.7563,0.2237,0.0152,0.0034
463.0000,0.0011,0.5853,0.3946,0.0155,0.0035
464.0000,0.0019,0.5226,0.4035,0.0524,0.0196
465.0000,0.0024,0.5559,0.2102,0.1603,0.0713
466.0000,0.0011,0.4544,0.5058,0.0351,0.0037
467.0000,0.0011,0.5005,0.4559,0.0389,0.0036
468.0000,0.0036,0.2649,0.6257,0.0992,0.0065
469.0000,0.0013,0.7424,0.2314,0.0217,0.0032
470.0000,0.0037,0.2388,0.7063,0.0455,0.0058
471.0000,0.0040,0.0086,0.1749,0.5234,0.2892
472.0000,0.0012,0.4992,0.4663,0.0293,0.0040
473.0000,0.0017,0.6423,0.2433,0.0664,0.0463
474.0000,0.0024,0.1259,0.8151,0.0511,0.0056
475.0000,0.0021,0.3533,0.5904,0.0496,0.0047
476.0000,0.0013,0.9133,0.0696,0.0123,0.0035
477.0000,0.0019,0.1118,0.6980,0.1707,0.0176
478.0000,0.0014,0.8724,0.1050,0.0173,0.0038
479.0000,0.0034,0.2232,0.7091,0.0538,0.0105
480.0000,0.0018,0.0394,0.4375,0.4825,0.0388
481.0000,0.0031,0.2229,0.6833,0.0844,0.0063
482.0000,0.0032,0.3248,0.6195,0.0471,0.0054
483.0000,0.0013,0.4447,0.4954,0.0538,0.0049
484.0000,0.0068,0.0046,0.0329,0.1780,0.7778
485.0000,0.0011,0.5509,0.4241,0.0210,0.0029
486.0000,0.0038,0.4314,0.5034,0.0562,0.0053
487.0000,0.0016,0.5823,0.3867,0.0265,0.0029
488.0000,0.0058,0.2791,0.6660,0.0432,0.0059
489.0000,0.0016,0.4952,0.4740,0.0263,0.0030
490.0000,0.0011,0.9388,0.0465,0.0104,0.0031
491.0000,0.0022,0.4814,0.4799,0.0279,0.0087
492.0000,0.0025,0.3164,0.6013,0.0756,0.0042
493.0000,0.0065,0.1999,0.4632,0.2649,0.0655
494.0000,0.0206,0.0403,0.1135,0.5191,0.3064
495.0000,0.0279,0.0213,0.3987,0.4936,0.0585
496.0000,0.0049,0.2252,0.6182,0.1079,0.0437
497.0000,0.0019,0.5192,0.4240,0.0506,0.0043
498.0000,0.0022,0.8446,0.1145,0.0350,0.0036
499.0000,0.0030,0.3546,0.5921,0.0452,0.0052
500.0000,0.0043,0.0728,0.5387,0.3691,0.0152
501.0000,0.0017,0.7418,0.2308,0.0225,0.0031
502.0000,0.0049,0.0832,0.5040,0.3688,0.0391
503.0000,0.3026,0.0884,0.3638,0.1631,0.0820
504.0000,0.0017,0.5289,0.4380,0.0282,0.0032
505.0000,0.0018,0.4687,0.4897,0.0359,0.0038
506.0000,0.0053,0.3700,0.5714,0.0488,0.0044
507.0000,0.0020,0.7826,0.1893,0.0228,0.0033
508.0000,0.0036,0.7506,0.2097,0.0328,0.0032
509.0000,0.0012,0.6850,0.2716,0.0390,0.0032
510.0000,0.0214,0.3205,0.4872,0.1115,0.0594
511.0000,0.0028,0.5070,0.4467,0.0399,0.0036
512.0000,0.0447,0.0849,0.5166,0.2288,0.1250
513.0000,0.0026,0.4603,0.4965,0.0375,0.0031
514.0000,0.0045,0.1849,0.6294,0.1496,0.0316
515.0000,0.0040,0.0108,0.1988,0.3160,0.4703
516.0000,0.0012,0.5577,0.3957,0.0417,0.0037
517.0000,0.0031,0.1498,0.8161,0.0274,0.0037
518.0000,0.0018,0.8212,0.1495,0.0245,0.0030
519.0000,0.0034,0.7171,0.2543,0.0221,0.0032
520.0000,0.0036,0.3721,0.5269,0.0908,0.0066
521.0000,0.0032,0.1997,0.7479,0.0448,0.0045
522.0000,0.0027,0.7168,0.2629,0.0148,0.0029
523.0000,0.0108,0.4732,0.4848,0.0285,0.0028
524.0000,0.0066,0.2980,0.5381,0.1430,0.0143
525.0000,0.0354,0.6059,0.1524,0.1746,0.0317
526.0000,0.0012,0.7340,0.2476,0.0139,0.0033
527.0000,0.0018,0.2716,0.6770,0.0455,0.0041
528.0000,0.0074,0.2034,0.6845,0.0994,0.0053
529.0000,0.0423,0.0291,0.0701,0.1886,0.6698
530.0000,0.0052,0.1768,0.6156,0.1643,0.0382
531.0000,0.0066,0.0643,0.5083,0.3227,0.0981
532.0000,0.0012,0.5640,0.4034,0.0273,0.0041
533.0000,0.0029,0.5711,0.4094,0.0134,0.0032
534.0000,0.0261,0.2552,0.5391,0.1288,0.0508
535.0000,0.0030,0.5092,0.4574,0.0272,0.0032
536.0000,0.0012,0.8779,0.1055,0.0121,0.0033
537.0000,0.0028,0.7277,0.2495,0.0173,0.0027
538.0000,0.0053,0.4204,0.5319,0.0382,0.0042
539.0000,0.0036,0.6909,0.2575,0.0444,0.0037
540.0000,0.0036,0.7315,0.2255,0.0291,0.0103
541.0000,0.0012,0.4352,0.5009,0.0513,0.0114
542.0000,0.0208,0.0428,0.4974,0.3718,0.0672
543.0000,0.0298,0.0778,0.3433,0.4758,0.0733
544.0000,0.0021,0.4421,0.5085,0.0423,0.0050
545.0000,0.0012,0.4910,0.4784,0.0263,0.0032
546.0000,0.0334,0.0461,0.3289,0.4498,0.1418
547.0000,0.0113,0.2656,0.2704,0.3317,0.1211
548.0000,0.0012,0.6509,0.3256,0.0195,0.0028
549.0000,0.0618,0.0514,0.1675,0.3970,0.3223
550.0000,0.0357,0.0068,0.0810,0.7277,0.1488
551.0000,0.0012,0.6792,0.2960,0.0207,0.0029
552.0000,0.0018,0.6462,0.3366,0.0124,0.0030
553.0000,0.0127,0.1513,0.7643,0.0647,0.0070
554.0000,0.0087,0.6193,0.3033,0.0625,0.0063
555.0000,0.0037,0.4104,0.4559,0.0983,0.0317
556.0000,0.0021,0.6987,0.2721,0.0230,0.0040
557.0000,0.0030,0.4419,0.5082,0.0432,0.0036
558.0000,0.0038,0.3619,0.5693,0.0583,0.0068
559.0000,0.0301,0.0747,0.2556,0.5726,0.0670
560.0000,0.0012,0.8967,0.0898,0.0092,0.0031
561.0000,0.0083,0.1971,0.7237,0.0649,0.0060
562.0000,0.0060,0.2647,0.6510,0.0606,0.0177
563.0000,0.0055,0.3659,0.5732,0.0515,0.0039
564.0000,0.0014,0.8432,0.1377,0.0143,0.0034
565.0000,0.0013,0.8993,0.0832,0.0129,0.0033
566.0000,0.0013,0.9083,0.0735,0.0133,0.0035
567.0000,0.0035,0.4810,0.4308,0.0626,0.0221
568.0000,0.0012,0.7605,0.2200,0.0151,0.0031
569.0000,0.0012,0.8764,0.1071,0.0121,0.0031
570.0000,0.0014,0.8145,0.1625,0.0180,0.0036
571.0000,0.0011,0.4088,0.5492,0.0376,0.0033
572.0000,0.0020,0.5843,0.3558,0.0526,0.0053
573.0000,0.0018,0.6942,0.2750,0.0261,0.0029
574.0000,0.0031,0.4561,0.4536,0.0626,0.0245
575.0000,0.0031,0.4263,0.5176,0.0460,0.0070
576.0000,0.0017,0.4620,0.4899,0.0425,0.0039
577.0000,0.0012,0.8714,0.1051,0.0191,0.0032
578.0000,0.0019,0.4139,0.5350,0.0453,0.0039
579.0000,0.0071,0.0158,0.2946,0.6206,0.0619
580.0000,0.0066,0.0477,0.3158,0.5683,0.0616
581.0000,0.0245,0.4030,0.3527,0.1490,0.0708
582.0000,0.0145,0.5202,0.1994,0.1422,0.1237
583.0000,0.0028,0.4174,0.5338,0.0429,0.0032
584.0000,0.0077,0.1984,0.6592,0.1171,0.0176
585.0000,0.0021,0.0205,0.4692,0.4740,0.0342
586.0000,0.0033,0.2559,0.6887,0.0481,0.0040
587.0000,0.0034,0.5488,0.3300,0.0495,0.0684
588.0000,0.0012,0.8663,0.1191,0.0103,0.0031
589.0000,0.0016,0.6194,0.3619,0.0137,0.0033
590.0000,0.0123,0.0423,0.0759,0.2674,0.6021
591.0000,0.0017,0.6875,0.2240,0.0593,0.0275
592.0000,0.0119,0.1192,0.6049,0.1803,0.0836
593.0000,0.0022,0.4531,0.4389,0.0746,0.0312
594.0000,0.0048,0.0820,0.5577,0.3266,0.0289
595.0000,0.0104,0.3720,0.4288,0.1563,0.0325
596.0000,0.0213,0.1904,0.5619,0.0918,0.1346
597.0000,0.0014,0.8471,0.1299,0.0182,0.0034
598.0000,0.0211,0.0366,0.1026,0.2567,0.5830
599.0000,0.0215,0.0754,0.4446,0.3303,0.1281
600.0000,0.0013,0.6098,0.3522,0.0329,0.0038
601.0000,0.0065,0.4085,0.5053,0.0742,0.0055
602.0000,0.0042,0.4368,0.4416,0.0898,0.0276
603.0000,0.0062,0.2125,0.5518,0.1792,0.0503
604.0000,0.0024,0.5536,0.4262,0.0149,0.0029
605.0000,0.1062,0.2637,0.4178,0.1563,0.0560
606.0000,0.0414,0.1443,0.1710,0.4594,0.1838
607.0000,0.0037,0.7376,0.1992,0.0533,0.0062
608.0000,0.0016,0.5510,0.4080,0.0359,0.0034
609.0000,0.0013,0.6126,0.3422,0.0376,0.0063
610.0000,0.0038,0.7395,0.2061,0.0461,0.0045
611.0000,0.0012,0.7035,0.2676,0.0249,0.0029
612.0000,0.0013,0.7705,0.2089,0.0161,0.0032
613.0000,0.1651,0.4553,0.2386,0.0623,0.0787
614.0000,0.0044,0.1493,0.6144,0.2031,0.0289
615.0000,0.0013,0.8902,0.0917,0.0135,0.0034
616.0000,0.0043,0.1553,0.6543,0.1759,0.0102
617.0000,0.0049,0.1781,0.3788,0.2238,0.2145
618.0000,0.0013,0.9272,0.0573,0.0108,0.0034
619.0000,0.0048,0.1887,0.6357,0.1393,0.0315
620.0000,0.0068,0.1128,0.5316,0.2382,0.1105
621.0000,0.0014,0.8394,0.1377,0.0182,0.0034
622.0000,0.0026,0.4968,0.4705,0.0273,0.0028
623.0000,0.0017,0.3949,0.5654,0.0349,0.0031
624.0000,0.0024,0.7673,0.1794,0.0453,0.0057
625.0000,0.0012,0.7108,0.2703,0.0147,0.0030
626.0000,0.0022,0.4982,0.4333,0.0595,0.0069
627.0000,0.0022,0.5715,0.2387,0.1359,0.0517
628.0000,0.0019,0.5813,0.3933,0.0204,0.0031
629.0000,0.0018,0.7567,0.2236,0.0150,0.0030
630.0000,0.0033,0.3810,0.5734,0.0372,0.0051
631.0000,0.0024,0.2341,0.7126,0.0465,0.0044
632.0000,0.0012,0.7324,0.2471,0.0162,0.0032
633.0000,0.0019,0.1754,0.5603,0.2079,0.0545
634.0000,0.0189,0.3654,0.5814,0.0302,0.0041
635.0000,0.0016,0.4788,0.4885,0.0283,0.0029
636.0000,0.0027,0.4992,0.4728,0.0223,0.0030
637.0000,0.0015,0.8839,0.0878,0.0234,0.0035
638.0000,0.0022,0.6872,0.2671,0.0381,0.0055
639.0000,0.0032,0.4135,0.5367,0.0430,0.0037
640.0000,0.0029,0.3809,0.5755,0.0374,0.0034
641.0000,0.0064,0.2071,0.7296,0.0512,0.0058
642.0000,0.0023,0.4246,0.5315,0.0379,0.0037
643.0000,0.0011,0.5915,0.3765,0.0280,0.0028
644.0000,0.0011,0.5188,0.4610,0.0159,0.0033
645.0000,0.0013,0.8872,0.0969,0.0113,0.0033
646.0000,0.0071,0.0244,0.1195,0.7643,0.0847
647.0000,0.0012,0.9146,0.0715,0.0095,0.0031
648.0000,0.0011,0.4348,0.5235,0.0374,0.0032
649.0000,0.0059,0.2987,0.6470,0.0442,0.0042
650.0000,0.0134,0.0557,0.5521,0.2986,0.0802
651.0000,0.0012,0.5715,0.3987,0.0259,0.0028
652.0000,0.0116,0.6409,0.1881,0.0995,0.0599
653.0000,0.0016,0.7251,0.1970,0.0496,0.0266
654.0000,0.0013,0.9087,0.0746,0.0120,0.0034
655.0000,0.0054,0.2790,0.5731,0.0941,0.0485
656.0000,0.0249,0.0400,0.3109,0.2107,0.4134
657.0000,0.0012,0.8059,0.1769,0.0130,0.0030
658.0000,0.0032,0.5325,0.4215,0.0390,0.0039
659.0000,0.0032,0.5511,0.3995,0.0424,0.0037
660.0000,0.0012,0.7587,0.2242,0.0128,0.0030
661.0000,0.0028,0.4886,0.4603,0.0445,0.0038
662.0000,0.0032,0.2236,0.7241,0.0452,0.0039
663.0000,0.0031,0.4758,0.4731,0.0441,0.0040
664.0000,0.0010,0.9667,0.0221,0.0076,0.0026
665.0000,0.0032,0.3064,0.6452,0.0412,0.0040
666.0000,0.0013,0.8002,0.1685,0.0267,0.0033
667.0000,0.0012,0.8624,0.1224,0.0111,0.0030
668.0000,0.0012,0.5624,0.3986,0.0341,0.0037
669.0000,0.0024,0.4819,0.4654,0.0462,0.0042
670.0000,0.0012,0.7171,0.2591,0.0197,0.0029
671.0000,0.0036,0.7027,0.2589,0.0306,0.0043
672.0000,0.0043,0.2150,0.6487,0.1087,0.0234
673.0000,0.0034,0.5193,0.3934,0.0591,0.0248
674.0000,0.0094,0.5598,0.3579,0.0662,0.0067
675.0000,0.0044,0.0251,0.2506,0.4297,0.2902
676.0000,0.0011,0.9247,0.0610,0.0103,0.0030
677.0000,0.0029,0.5650,0.4166,0.0127,0.0028
678.0000,0.0043,0.1614,0.7234,0.0995,0.0114
679.0000,0.0070,0.6024,0.3072,0.0667,0.0167
680.0000,0.0043,0.5055,0.3834,0.0896,0.0172
681.0000,0.0412,0.1570,0.5933,0.1682,0.0402
682.0000,0.0015,0.6655,0.2580,0.0517,0.0232
683.0000,0.0012,0.4432,0.4724,0.0585,0.0247
684.0000,0.0038,0.1655,0.7783,0.0479,0.0045
685.0000,0.0015,0.4959,0.4747,0.0252,0.0028
686.0000,0.0061,0.4219,0.4714,0.0717,0.0290
687.0000,0.0013,0.7868,0.1873,0.0212,0.0034
688.0000,0.0338,0.0762,0.4755,0.2322,0.1823
689.0000,0.0021,0.7742,0.1992,0.0212,0.0033
690.0000,0.0013,0.8614,0.1218,0.0122,0.0033
691.0000,0.0011,0.6268,0.3460,0.0231,0.0029
692.0000,0.5922,0.0433,0.1362,0.0730,0.1553
693.0000,0.0038,0.7161,0.2416,0.0350,0.0035
694.0000,0.0116,0.1389,0.3703,0.2626,0.2165
695.0000,0.0017,0.5894,0.3716,0.0338,0.0036
696.0000,0.0012,0.8856,0.0987,0.0112,0.0033
697.0000,0.0029,0.0255,0.0505,0.2212,0.6999
698.0000,0.0012,0.4617,0.4896,0.0436,0.0039
699.0000,0.0045,0.4393,0.3714,0.1286,0.0562
700.0000,0.0035,0.4294,0.4773,0.0661,0.0237
701.0000,0.0023,0.7314,0.2080,0.0541,0.0041
702.0000,0.0013,0.8435,0.1325,0.0191,0.0035
703.0000,0.0025,0.4202,0.4481,0.1070,0.0222
704.0000,0.0017,0.3970,0.5662,0.0318,0.0033
705.0000,0.0013,0.7513,0.2136,0.0304,0.0033
706.0000,0.0266,0.2348,0.5823,0.1237,0.0326
707.0000,0.0040,0.5057,0.3640,0.0813,0.0450
708.0000,0.0028,0.4312,0.5157,0.0466,0.0036
709.0000,0.0222,0.0389,0.3908,0.3220,0.2260
710.0000,0.0042,0.1363,0.4833,0.3484,0.0277
711.0000,0.0016,0.6188,0.3615,0.0146,0.0034
712.0000,0.0060,0.2170,0.7197,0.0514,0.0059
713.0000,0.0057,0.0805,0.1927,0.4335,0.2876
714.0000,0.0069,0.1022,0.6231,0.1996,0.0682
715.0000,0.0012,0.7942,0.1821,0.0193,0.0032
716.0000,0.0011,0.4693,0.4855,0.0407,0.0033
717.0000,0.0136,0.0257,0.1509,0.7004,0.1094
718.0000,0.0055,0.5061,0.4119,0.0588,0.0177
719.0000,0.0021,0.6329,0.3203,0.0410,0.0037
720.0000,0.0031,0.7517,0.2197,0.0226,0.0029
721.0000,0.0016,0.6063,0.3705,0.0184,0.0032
722.0000,0.0011,0.5831,0.4005,0.0121,0.0032
723.0000,0.0012,0.5118,0.4533,0.0303,0.0033
724.0000,0.0079,0.0441,0.3888,0.5124,0.0468
725.0000,0.0026,0.5304,0.4322,0.0315,0.0033
726.0000,0.0075,0.1414,0.1859,0.5317,0.1335
727.0000,0.0079,0.0442,0.7222,0.2155,0.0103
728.0000,0.0068,0.2062,0.6731,0.0856,0.0283
729.0000,0.0026,0.5039,0.4631,0.0274,0.0029
730.0000,0.0012,0.3991,0.5557,0.0405,0.0034
731.0000,0.0029,0.3919,0.4844,0.0897,0.0311
732.0000,0.0029,0.4175,0.5339,0.0425,0.0032
733.0000,0.0022,0.0046,0.0147,0.0752,0.9032
734.0000,0.0051,0.1756,0.6580,0.1143,0.0470
735.0000,0.0055,0.0700,0.6343,0.2600,0.0303
736.0000,0.0036,0.0695,0.5870,0.3003,0.0396
737.0000,0.0034,0.2898,0.6573,0.0445,0.0050
738.0000,0.0049,0.0845,0.5119,0.3483,0.0504
739.0000,0.0049,0.2800,0.5055,0.1777,0.0319
740.0000,0.0025,0.1354,0.6641,0.1841,0.0139
741.0000,0.0063,0.0433,0.7029,0.2012,0.0463
742.0000,0.0065,0.0172,0.3131,0.4733,0.1899
743.0000,0.0017,0.4319,0.4958,0.0565,0.0141
744.0000,0.0047,0.1842,0.6165,0.1391,0.0555
745.0000,0.0042,0.2169,0.6943,0.0747,0.0099
746.0000,0.0015,0.7830,0.1767,0.0343,0.0045
747.0000,0.0022,0.4851,0.4800,0.0285,0.0042
748.0000,0.0033,0.3569,0.5579,0.0581,0.0237
749.0000,0.0019,0.8591,0.1227,0.0129,0.0034
750.0000,0.0012,0.8509,0.1321,0.0126,0.0031
751.0000,0.0058,0.5090,0.4313,0.0504,0.0035
752.0000,0.0013,0.7892,0.1847,0.0218,0.0031
753.0000,0.0247,0.4126,0.4478,0.0997,0.0152
754.0000,0.0044,0.0459,0.5152,0.4043,0.0302
755.0000,0.0015,0.4328,0.4690,0.0902,0.0065
756.0000,0.0013,0.6483,0.2975,0.0494,0.0035
757.0000,0.0011,0.5249,0.4462,0.0247,0.0032
758.0000,0.0029,0.4039,0.5077,0.0604,0.0251
759.0000,0.0175,0.0027,0.0518,0.4144,0.5135
760.0000,0.0011,0.5853,0.3922,0.0183,0.0032
761.0000,0.0033,0.4297,0.4866,0.0617,0.0186
762.0000,0.0014,0.7825,0.1968,0.0153,0.0041
763.0000,0.0014,0.9245,0.0547,0.0148,0.0046
764.0000,0.0063,0.0723,0.5068,0.3577,0.0569
765.0000,0.0060,0.0931,0.4711,0.3165,0.1134
766.0000,0.0015,0.7089,0.2264,0.0529,0.0103
767.0000,0.0015,0.5425,0.3541,0.0546,0.0474
768.0000,0.0012,0.8600,0.1252,0.0106,0.0030
769.0000,0.0227,0.0034,0.1033,0.7017,0.1689
770.0000,0.0013,0.4975,0.4508,0.0453,0.0050
771.0000,0.0290,0.0834,0.4947,0.2852,0.1077
772.0000,0.0052,0.3456,0.4327,0.1855,0.0310
773.0000,0.0039,0.4172,0.4449,0.1095,0.0244
774.0000,0.0026,0.8138,0.1398,0.0260,0.0179
775.0000,0.0013,0.8732,0.1103,0.0121,0.0032
776.0000,0.0032,0.3402,0.5881,0.0621,0.0064
777.0000,0.0014,0.1869,0.7664,0.0406,0.0046
778.0000,0.0015,0.8694,0.1087,0.0166,0.0038
779.0000,0.0269,0.4779,0.1431,0.2435,0.1086
780.0000,0.0013,0.3542,0.5960,0.0449,0.0036
781.0000,0.0028,0.4386,0.5016,0.0421,0.0149
782.0000,0.0102,0.0335,0.3056,0.5092,0.1414
783.0000,0.0021,0.4464,0.5047,0.0415,0.0052
784.0000,0.0024,0.7108,0.2457,0.0376,0.0036
785.0000,0.0021,0.6110,0.3045,0.0574,0.0249
786.0000,0.0061,0.1509,0.3440,0.3741,0.1249
787.0000,0.0067,0.1039,0.4894,0.2598,0.1403
788.0000,0.0154,0.0179,0.0267,0.1140,0.8261
789.0000,0.0012,0.9271,0.0574,0.0111,0.0032
790.0000,0.0013,0.8120,0.1662,0.0172,0.0034
791.0000,0.9335,0.0109,0.0231,0.0239,0.0086
792.0000,0.0880,0.1843,0.5759,0.1208,0.0311
793.0000,0.0023,0.1785,0.7701,0.0449,0.0042
794.0000,0.0042,0.0174,0.2269,0.6953,0.0562
795.0000,0.0017,0.5237,0.3471,0.0983,0.0291
796.0000,0.0018,0.0032,0.0437,0.3942,0.5571
797.0000,0.0015,0.4848,0.3988,0.0840,0.0310
798.0000,0.0059,0.0350,0.1283,0.3222,0.5086
799.0000,0.0132,0.0351,0.1280,0.2451,0.5787
800.0000,0.0064,0.1753,0.4993,0.2203,0.0987
801.0000,0.0016,0.4876,0.4780,0.0298,0.0031
802.0000,0.0014,0.7928,0.1847,0.0172,0.0041
803.0000,0.0368,0.1811,0.3105,0.2358,0.2359
804.0000,0.0044,0.5344,0.2893,0.1476,0.0244
805.0000,0.0014,0.6199,0.2907,0.0490,0.0390
806.0000,0.0067,0.2363,0.7226,0.0306,0.0038
807.0000,0.0030,0.0243,0.4344,0.5052,0.0332
808.0000,0.0061,0.0852,0.2807,0.2093,0.4187
809.0000,0.0073,0.3876,0.5660,0.0359,0.0033
810.0000,0.0117,0.1841,0.5496,0.1532,0.1014
811.0000,0.0031,0.3654,0.5722,0.0551,0.0042
812.0000,0.0426,0.3546,0.4805,0.0865,0.0358
813.0000,0.0026,0.1153,0.5706,0.2572,0.0543
814.0000,0.0069,0.0044,0.0404,0.1870,0.7613
815.0000,0.0030,0.5546,0.3939,0.0438,0.0047
816.0000,0.0062,0.0158,0.1200,0.6086,0.2494
817.0000,0.0027,0.1566,0.7937,0.0417,0.0053
818.0000,0.0020,0.4228,0.4539,0.0952,0.0261
819.0000,0.0064,0.1169,0.3366,0.3719,0.1682
820.0000,0.0020,0.7964,0.1750,0.0232,0.0033
821.0000,0.0015,0.7813,0.1719,0.0350,0.0102
822.0000,0.0019,0.6159,0.2494,0.1008,0.0321
823.0000,0.0107,0.0770,0.1536,0.2907,0.4680
824.0000,0.0524,0.1057,0.5170,0.2291,0.0958
825.0000,0.0043,0.1634,0.5529,0.2159,0.0635
826.0000,0.0019,0.4348,0.5280,0.0306,0.0047
827.0000,0.0183,0.0197,0.0951,0.4397,0.4273
828.0000,0.0036,0.6765,0.2669,0.0477,0.0054
829.0000,0.0317,0.0702,0.6934,0.1879,0.0168
830.0000,0.0019,0.5160,0.4519,0.0270,0.0031
831.0000,0.0022,0.3950,0.5540,0.0386,0.0101
832.0000,0.4060,0.3511,0.1304,0.0713,0.0412
833.0000,0.0076,0.1533,0.6517,0.1567,0.0308
834.0000,0.0051,0.0044,0.0237,0.1734,0.7935
835.0000,0.0052,0.5088,0.4547,0.0271,0.0043
836.0000,0.0011,0.9563,0.0287,0.0109,0.0030
837.0000,0.0063,0.4452,0.4667,0.0657,0.0161
838.0000,0.0060,0.4623,0.4726,0.0533,0.0058
839.0000,0.0015,0.3653,0.5405,0.0662,0.0265
840.0000,0.0013,0.7786,0.2034,0.0134,0.0033
841.0000,0.0012,0.8645,0.1190,0.0122,0.0031
842.0000,0.0036,0.2234,0.7069,0.0593,0.0068
843.0000,0.0279,0.1176,0.5774,0.1849,0.0923
844.0000,0.0216,0.1106,0.5945,0.2078,0.0655
845.0000,0.0025,0.8138,0.1052,0.0550,0.0235
846.0000,0.0269,0.0432,0.7580,0.1578,0.0142
847.0000,0.0343,0.4341,0.2230,0.2074,0.1013
848.0000,0.0058,0.0193,0.1611,0.3731,0.4408
849.0000,0.0011,0.5353,0.4355,0.0250,0.0031
850.0000,0.0060,0.2618,0.6708,0.0568,0.0046
851.0000,0.0012,0.4371,0.5261,0.0322,0.0034
852.0000,0.0013,0.7159,0.2566,0.0231,0.0032
853.0000,0.0012,0.4578,0.4821,0.0538,0.0051
854.0000,0.0229,0.4438,0.4842,0.0433,0.0057
855.0000,0.0060,0.2597,0.6973,0.0337,0.0034
856.0000,0.0097,0.1638,0.5876,0.1997,0.0392
857.0000,0.0012,0.5956,0.3757,0.0235,0.0041
858.0000,0.0059,0.2736,0.6393,0.0647,0.0165
859.0000,0.5216,0.0146,0.0516,0.2392,0.1730
860.0000,0.0049,0.5955,0.3751,0.0214,0.0031
861.0000,0.0021,0.5339,0.4188,0.0407,0.0044
862.0000,0.0013,0.5897,0.3587,0.0291,0.0212
863.0000,0.0013,0.7739,0.2050,0.0165,0.0033
864.0000,0.0013,0.6209,0.3200,0.0399,0.0180
865.0000,0.0046,0.1787,0.7116,0.0757,0.0294
866.0000,0.0028,0.6134,0.3664,0.0142,0.0032
867.0000,0.0030,0.6316,0.3269,0.0353,0.0031
868.0000,0.0013,0.8155,0.1634,0.0167,0.0031
869.0000,0.0043,0.0027,0.0890,0.7262,0.1779
870.0000,0.2361,0.2102,0.3922,0.0960,0.0654
871.0000,0.0036,0.6398,0.3094,0.0435,0.0037
872.0000,0.0044,0.0046,0.0250,0.1946,0.7715
873.0000,0.0015,0.8486,0.1219,0.0243,0.0037
874.0000,0.0023,0.4767,0.4328,0.0632,0.0249
875.0000,0.0030,0.3864,0.5674,0.0398,0.0034
876.0000,0.0041,0.4710,0.4004,0.1138,0.0108
877.0000,0.0024,0.7547,0.1730,0.0448,0.0251
878.0000,0.0073,0.3393,0.5407,0.0956,0.0170
879.0000,0.4749,0.0782,0.2024,0.1949,0.0496
880.0000,0.0045,0.1415,0.5776,0.2450,0.0314
881.0000,0.0012,0.4351,0.4990,0.0501,0.0145
882.0000,0.0072,0.1049,0.5914,0.2101,0.0864
883.0000,0.0012,0.4942,0.4599,0.0411,0.0037
884.0000,0.0047,0.1130,0.7790,0.0953,0.0079
885.0000,0.0051,0.4758,0.2589,0.1389,0.1213
886.0000,0.0012,0.5636,0.3998,0.0312,0.0042
887.0000,0.0017,0.0874,0.6808,0.2137,0.0164
888.0000,0.0041,0.1527,0.6492,0.1633,0.0307
889.0000,0.0048,0.4910,0.3850,0.0706,0.0486
890.0000,0.0017,0.5759,0.3906,0.0285,0.0033
891.0000,0.0034,0.7647,0.2051,0.0237,0.0031
892.0000,0.0029,0.2957,0.6358,0.0589,0.0067
893.0000,0.0031,0.3382,0.5732,0.0729,0.0126
894.0000,0.0019,0.6575,0.3072,0.0302,0.0032
895.0000,0.0041,0.0105,0.1622,0.7607,0.0625
896.0000,0.0031,0.4817,0.4804,0.0301,0.0046
897.0000,0.0088,0.0396,0.3749,0.4501,0.1267
898.0000,0.0642,0.1988,0.4442,0.2220,0.0707
899.0000,0.0148,0.2148,0.7255,0.0412,0.0036
900.0000,0.0019,0.9042,0.0728,0.0176,0.0034
901.0000,0.0070,0.2602,0.5367,0.1482,0.0479
902.0000,0.0014,0.7240,0.2376,0.0336,0.0033
903.0000,0.0028,0.4613,0.3778,0.0731,0.0850
904.0000,0.0040,0.2124,0.6642,0.1029,0.0165
905.0000,0.0012,0.8819,0.1038,0.0099,0.0032
906.0000,0.0023,0.1789,0.7534,0.0606,0.0048
907.0000,0.0018,0.4377,0.4735,0.0627,0.0243
908.0000,0.0211,0.0502,0.5861,0.2912,0.0514
