id,no answer,very important,quite important,not important,not at all important
0,0.0018,0.7463,0.1664,0.0771,0.0084
1,0.0081,0.0609,0.8712,0.0551,0.0047
2,0.0046,0.1506,0.5976,0.2341,0.0132
3,0.0172,0.0622,0.7473,0.144,0.0293
4,0.0016,0.2118,0.7209,0.0606,0.0052
5,0.0013,0.6385,0.3178,0.0391,0.0033
6,0.0015,0.7235,0.1975,0.0479,0.0296
7,0.0105,0.0159,0.2752,0.5063,0.1921
8,0.0067,0.575,0.3137,0.0715,0.0332
9,0.0056,0.8729,0.0979,0.0198,0.0037
10,0.0109,0.5114,0.3711,0.0695,0.0371
11,0.0102,0.0131,0.1207,0.5524,0.3036
12,0.0016,0.8685,0.1106,0.016,0.0033
13,0.0013,0.4526,0.5265,0.0169,0.0027
14,0.003,0.1595,0.6669,0.1502,0.0205
15,0.0022,0.5256,0.4487,0.0208,0.0027
16,0.0016,0.8241,0.1465,0.0243,0.0034
17,0.004,0.0036,0.0681,0.7881,0.1361
18,0.0052,0.1505,0.7953,0.0445,0.0046
19,0.0023,0.5916,0.3182,0.0592,0.0287
20,0.0712,0.0581,0.3517,0.3746,0.1444
21,0.0011,0.9406,0.0464,0.0091,0.0028
22,0.0158,0.1248,0.6183,0.2094,0.0317
23,0.0027,0.4509,0.4736,0.0644,0.0083
24,0.003,0.3983,0.5429,0.0515,0.0043
25,0.0012,0.3241,0.6201,0.0506,0.004
26,0.0868,0.4952,0.3056,0.0776,0.0348
27,0.0073,0.0871,0.6822,0.1696,0.0538
28,0.0014,0.2794,0.6273,0.0862,0.0057
29,0.0445,0.1755,0.7143,0.06,0.0057
30,0.0308,0.0294,0.3265,0.4024,0.2109
31,0.0012,0.5842,0.3805,0.0307,0.0034
32,0.0011,0.9199,0.0667,0.0094,0.0029
33,0.0046,0.2378,0.6845,0.0677,0.0053
34,0.0014,0.6218,0.3583,0.0158,0.0027
35,0.0213,0.082,0.3232,0.333,0.2404
36,0.0028,0.4784,0.4836,0.0324,0.0029
37,0.0014,0.8867,0.0908,0.0175,0.0036
38,0.0014,0.3487,0.6053,0.0414,0.0032
39,0.0014,0.4546,0.5035,0.0376,0.0028
40,0.0011,0.6689,0.3097,0.0173,0.003
41,0.0192,0.0606,0.3948,0.3041,0.2213
42,0.0024,0.3303,0.4243,0.1495,0.0935
43,0.0013,0.5852,0.3867,0.0242,0.0027
44,0.0015,0.5317,0.4291,0.0345,0.0032
45,0.0126,0.1707,0.4105,0.3629,0.0433
46,0.001,0.574,0.4066,0.0157,0.0027
47,0.0011,0.4652,0.4704,0.0524,0.0109
48,0.0018,0.7184,0.2235,0.0517,0.0046
49,0.0081,0.8118,0.1465,0.0298,0.0038
50,0.0014,0.8138,0.1535,0.0276,0.0036
51,0.0015,0.7013,0.2127,0.0584,0.0261
52,0.0026,0.2898,0.6582,0.0457,0.0037
53,0.0116,0.0766,0.4573,0.421,0.0335
54,0.0017,0.1655,0.7144,0.1031,0.0153
55,0.001,0.5962,0.3845,0.0157,0.0027
56,0.0041,0.1151,0.8339,0.0433,0.0036
57,0.0025,0.3919,0.5444,0.0574,0.0039
58,0.0025,0.1831,0.5719,0.233,0.0095
59,0.0085,0.6617,0.3036,0.0226,0.0036
60,0.0013,0.7789,0.2012,0.0152,0.0033
61,0.0103,0.028,0.5143,0.3288,0.1187
62,0.0104,0.0887,0.7117,0.1565,0.0328
63,0.0034,0.3886,0.5648,0.0401,0.0031
64,0.0014,0.486,0.4446,0.0565,0.0115
65,0.0048,0.3949,0.554,0.0425,0.0037
66,0.0162,0.13,0.6505,0.1893,0.0142
67,0.0016,0.4848,0.4195,0.0886,0.0055
68,0.0047,0.5185,0.4373,0.036,0.0034
69,0.0054,0.1016,0.7855,0.1023,0.0052
70,0.0021,0.3992,0.3793,0.1789,0.0406
71,0.0016,0.5315,0.4166,0.0461,0.0041
72,0.0015,0.9275,0.0538,0.0138,0.0035
73,0.003,0.2463,0.6069,0.1144,0.0295
74,0.0014,0.725,0.2157,0.0447,0.0131
75,0.0047,0.6666,0.2235,0.0772,0.028
76,0.0011,0.9359,0.0511,0.0091,0.0028
77,0.0023,0.2432,0.5982,0.1264,0.03
78,0.0228,0.3609,0.5174,0.0673,0.0316
79,0.0035,0.3179,0.6369,0.0385,0.0032
80,0.0034,0.4617,0.4567,0.0543,0.0238
81,0.0012,0.6724,0.3041,0.0188,0.0035
82,0.0015,0.3011,0.5808,0.0783,0.0382
83,0.4239,0.2195,0.2804,0.0512,0.025
84,0.0421,0.124,0.4221,0.3181,0.0937
85,0.0013,0.6763,0.2838,0.0322,0.0064
86,0.0013,0.8011,0.1691,0.0253,0.0032
87,0.0011,0.5612,0.4155,0.0196,0.0026
88,0.0066,0.0283,0.351,0.4934,0.1207
89,0.0233,0.1419,0.398,0.3671,0.0697
90,0.0017,0.5278,0.4442,0.0229,0.0034
91,0.0033,0.2277,0.6199,0.0927,0.0564
92,0.011,0.1435,0.5059,0.3054,0.0342
93,0.0221,0.1318,0.5249,0.2681,0.0531
94,0.0018,0.5075,0.4164,0.0501,0.0243
95,0.001,0.6061,0.3781,0.0121,0.0027
96,0.0039,0.0503,0.4979,0.267,0.1809
97,0.0015,0.6931,0.2794,0.0228,0.0032
98,0.0114,0.0471,0.2781,0.5651,0.0982
99,0.001,0.551,0.422,0.0232,0.0028
100,0.0012,0.7002,0.2796,0.0161,0.0029
101,0.0021,0.3228,0.5434,0.1127,0.019
102,0.0037,0.1964,0.4284,0.1509,0.2206
103,0.006,0.0142,0.0812,0.3802,0.5183
104,0.0166,0.0113,0.1062,0.5006,0.3653
105,0.0011,0.9359,0.0511,0.0091,0.0028
106,0.0074,0.183,0.6366,0.1473,0.0257
107,0.0014,0.7604,0.2173,0.0168,0.004
108,0.0016,0.7654,0.2088,0.0209,0.0033
109,0.0056,0.5404,0.3399,0.0782,0.0359
110,0.0017,0.1718,0.7256,0.0723,0.0287
111,0.0016,0.756,0.2188,0.0201,0.0035
112,0.0019,0.31,0.6456,0.0393,0.0032
113,0.0027,0.1122,0.7854,0.0943,0.0054
114,0.0041,0.4132,0.49,0.0872,0.0056
115,0.0015,0.6981,0.2746,0.0226,0.0031
116,0.0169,0.0154,0.4822,0.3699,0.1156
117,0.0174,0.0443,0.4097,0.42,0.1085
118,0.0011,0.4868,0.4648,0.0439,0.0034
119,0.0064,0.0271,0.2451,0.4912,0.2301
120,0.0016,0.7618,0.2172,0.0161,0.0033
121,0.0092,0.2878,0.6508,0.0483,0.0038
122,0.0054,0.029,0.1352,0.3638,0.4666
123,0.007,0.0228,0.3315,0.4154,0.2233
124,0.0067,0.1567,0.6256,0.1637,0.0472
125,0.0013,0.5918,0.3655,0.0358,0.0055
126,0.029,0.0398,0.4823,0.3527,0.0963
127,0.0022,0.5196,0.4338,0.0359,0.0085
128,0.0014,0.6614,0.2587,0.052,0.0265
129,0.0027,0.0789,0.7689,0.1437,0.0057
130,0.0032,0.0537,0.6237,0.2768,0.0426
131,0.0051,0.1865,0.2862,0.1373,0.3849
132,0.0012,0.6935,0.2869,0.0155,0.003
133,0.0185,0.1208,0.5661,0.2363,0.0583
134,0.0012,0.434,0.4752,0.062,0.0276
135,0.0058,0.5815,0.3749,0.0349,0.0029
136,0.0237,0.2016,0.3958,0.2593,0.1196
137,0.0014,0.3059,0.6519,0.0372,0.0036
138,0.0197,0.1227,0.1176,0.3517,0.3882
139,0.0067,0.14,0.5875,0.2307,0.0352
140,0.0202,0.3356,0.5467,0.0701,0.0274
141,0.0051,0.1255,0.7075,0.1522,0.0097
142,0.0013,0.6014,0.375,0.0191,0.0032
143,0.0119,0.1896,0.6359,0.1393,0.0234
144,0.0023,0.7527,0.2147,0.0263,0.004
145,0.0517,0.0885,0.3034,0.325,0.2313
146,0.0023,0.3798,0.4987,0.0845,0.0347
147,0.0247,0.1569,0.6293,0.1541,0.035
148,0.0111,0.0476,0.6443,0.2853,0.0117
149,0.0026,0.4869,0.4493,0.0566,0.0046
150,0.0684,0.0845,0.6371,0.168,0.042
151,0.0049,0.0177,0.165,0.3917,0.4208
152,0.0014,0.8578,0.117,0.0202,0.0036
153,0.0011,0.6806,0.2885,0.0267,0.003
154,0.0012,0.8658,0.1198,0.0103,0.003
155,0.0197,0.0852,0.2755,0.4521,0.1675
156,0.0035,0.2669,0.6561,0.0634,0.0102
157,0.0013,0.8288,0.1522,0.0146,0.0032
158,0.0192,0.1054,0.6712,0.1687,0.0355
159,0.0071,0.0248,0.2609,0.4734,0.2338
160,0.0164,0.1233,0.7244,0.1261,0.0097
161,0.0011,0.9505,0.0369,0.0088,0.0027
162,0.0203,0.0442,0.1853,0.4599,0.2904
163,0.0011,0.5523,0.4188,0.0244,0.0034
164,0.0257,0.2173,0.5436,0.1726,0.0408
165,0.0011,0.3248,0.638,0.0329,0.0031
166,0.0025,0.6067,0.2941,0.0681,0.0287
167,0.0014,0.7548,0.2186,0.0217,0.0035
168,0.0018,0.4852,0.468,0.0415,0.0034
169,0.0038,0.446,0.3742,0.1477,0.0284
170,0.0016,0.7291,0.2131,0.0501,0.006
171,0.0012,0.3908,0.5476,0.0556,0.0048
172,0.0021,0.0496,0.8199,0.1232,0.0052
173,0.0038,0.2254,0.6445,0.0949,0.0314
174,0.0166,0.0625,0.7374,0.1429,0.0406
175,0.0215,0.1565,0.6933,0.1203,0.0084
176,0.0047,0.0157,0.3779,0.4845,0.1172
177,0.0123,0.0799,0.8196,0.0714,0.0168
178,0.0014,0.9264,0.0576,0.0116,0.003
179,0.0038,0.3925,0.5043,0.0807,0.0187
180,0.0012,0.3266,0.6075,0.0604,0.0043
181,0.0031,0.144,0.736,0.1124,0.0046
182,0.0013,0.8875,0.0977,0.0104,0.0032
183,0.001,0.5578,0.4098,0.0288,0.0027
184,0.005,0.0157,0.4088,0.5059,0.0646
185,0.0036,0.4505,0.4846,0.0398,0.0215
186,0.0013,0.8495,0.1269,0.019,0.0033
187,0.0013,0.5196,0.4589,0.0172,0.0031
188,0.0038,0.1824,0.6903,0.1172,0.0063
189,0.0015,0.8775,0.09,0.0253,0.0058
190,0.005,0.0443,0.3669,0.5205,0.0633
191,0.0015,0.6082,0.3665,0.0206,0.0032
192,0.0058,0.2011,0.4388,0.1807,0.1736
193,0.0057,0.0334,0.2922,0.5936,0.0752
194,0.0026,0.6842,0.2346,0.07,0.0087
195,0.0055,0.0338,0.3037,0.6089,0.048
196,0.001,0.4732,0.4992,0.0241,0.0026
197,0.0016,0.9053,0.0784,0.0117,0.003
198,0.0222,0.0413,0.1755,0.5635,0.1973
199,0.0011,0.5303,0.4262,0.0386,0.0039
200,0.059,0.0662,0.4927,0.3277,0.0543
201,0.011,0.0031,0.068,0.3132,0.6046
202,0.0041,0.4552,0.4867,0.0499,0.0041
203,0.0014,0.8438,0.1369,0.0142,0.0036
204,0.0015,0.6735,0.2851,0.0268,0.013
205,0.0078,0.1344,0.4958,0.3244,0.0376
206,0.006,0.5524,0.3456,0.0494,0.0466
207,0.0016,0.4431,0.5356,0.0169,0.0028
208,0.0052,0.1983,0.4892,0.2233,0.0839
209,0.0016,0.2821,0.6343,0.0642,0.0179
210,0.0029,0.5763,0.225,0.116,0.0798
211,0.0021,0.0939,0.4485,0.3196,0.1359
212,0.0048,0.0126,0.0823,0.6506,0.2497
213,0.0087,0.2718,0.5603,0.1543,0.0049
214,0.0034,0.1329,0.6067,0.2473,0.0097
215,0.0022,0.2056,0.7284,0.058,0.0057
216,0.0032,0.0132,0.1188,0.5925,0.2723
217,0.0014,0.8468,0.1312,0.0171,0.0035
218,0.0013,0.8656,0.1149,0.015,0.0033
219,0.0017,0.7354,0.2224,0.0366,0.004
220,0.0158,0.0401,0.1385,0.5486,0.2569
221,0.0014,0.8371,0.1327,0.0253,0.0035
222,0.0038,0.1583,0.3854,0.2498,0.2028
223,0.0014,0.7559,0.2097,0.0281,0.0049
224,0.0102,0.0117,0.0758,0.4275,0.4748
225,0.0014,0.1968,0.7135,0.0819,0.0064
226,0.0031,0.2986,0.5785,0.0805,0.0393
227,0.0016,0.2809,0.6457,0.0639,0.008
228,0.0578,0.7933,0.1146,0.0293,0.0049
229,0.0013,0.6091,0.3306,0.0548,0.0041
230,0.0099,0.2586,0.4416,0.1819,0.1081
231,0.0023,0.1481,0.7077,0.136,0.006
232,0.0014,0.901,0.0782,0.0159,0.0035
233,0.0148,0.2546,0.4253,0.1736,0.1317
234,0.003,0.042,0.2699,0.4966,0.1885
235,0.0052,0.0165,0.3602,0.5064,0.1117
236,0.0045,0.0805,0.7554,0.1543,0.0053
237,0.0014,0.91,0.0684,0.0168,0.0034
238,0.002,0.1194,0.7179,0.153,0.0076
239,0.0021,0.6575,0.2827,0.0363,0.0215
240,0.0178,0.048,0.6429,0.2847,0.0067
241,0.0228,0.5076,0.3575,0.0789,0.0333
242,0.0014,0.8153,0.1672,0.0127,0.0035
243,0.0014,0.4566,0.4666,0.0569,0.0185
244,0.0014,0.8552,0.1144,0.0255,0.0035
245,0.0013,0.4529,0.5199,0.0231,0.0028
246,0.0015,0.937,0.0447,0.0131,0.0038
247,0.013,0.5438,0.3259,0.0855,0.0318
248,0.0022,0.5653,0.3472,0.0563,0.0291
249,0.003,0.1023,0.795,0.0954,0.0043
250,0.0033,0.4416,0.5298,0.0224,0.0029
251,0.0013,0.8083,0.1755,0.0117,0.0032
252,0.001,0.5675,0.413,0.0158,0.0027
253,0.0015,0.3203,0.5905,0.0821,0.0057
254,0.0323,0.1421,0.4302,0.2226,0.1728
255,0.0026,0.5854,0.2981,0.0695,0.0444
256,0.0015,0.9179,0.0577,0.0185,0.0043
257,0.0101,0.0093,0.1352,0.4253,0.42
258,0.0019,0.8369,0.1358,0.0212,0.0042
259,0.0026,0.7653,0.1582,0.0434,0.0305
260,0.0038,0.1156,0.4028,0.2659,0.2119
261,0.0012,0.4827,0.4671,0.0454,0.0037
262,0.0027,0.6378,0.2834,0.0484,0.0277
263,0.0146,0.0254,0.3665,0.5152,0.0784
264,0.026,0.0248,0.4323,0.3245,0.1924
265,0.0038,0.1143,0.4086,0.2612,0.2121
266,0.0023,0.1325,0.5288,0.282,0.0544
267,0.002,0.5609,0.417,0.0174,0.0026
268,0.0014,0.48,0.4834,0.0324,0.0029
269,0.0011,0.6027,0.3685,0.0249,0.0028
270,0.0028,0.4475,0.4589,0.0627,0.0281
271,0.0019,0.651,0.2799,0.0441,0.0231
272,0.0012,0.6555,0.2881,0.0451,0.0101
273,0.0156,0.2305,0.5545,0.1239,0.0755
274,0.0179,0.0095,0.104,0.522,0.3465
275,0.0013,0.6801,0.2724,0.027,0.0192
276,0.0013,0.6177,0.3679,0.0103,0.0028
277,0.0013,0.757,0.2235,0.0148,0.0034
278,0.0013,0.6109,0.361,0.0239,0.0028
279,0.0075,0.4209,0.5041,0.0554,0.0121
280,0.0015,0.9147,0.0569,0.0225,0.0043
281,0.0033,0.4026,0.5643,0.0267,0.0032
282,0.0041,0.0478,0.6002,0.2203,0.1275
283,0.0202,0.3968,0.4484,0.0998,0.0348
284,0.001,0.6185,0.3564,0.0215,0.0027
285,0.0066,0.1365,0.657,0.1651,0.0348
286,0.0013,0.8547,0.1291,0.0117,0.0032
287,0.0725,0.3684,0.4809,0.0538,0.0244
288,0.0022,0.0082,0.1434,0.4334,0.4128
289,0.0016,0.3038,0.6471,0.0437,0.0038
290,0.0056,0.1381,0.5106,0.3102,0.0354
291,0.0227,0.0641,0.5412,0.3102,0.0618
292,0.0368,0.04,0.1747,0.303,0.4455
293,0.0016,0.7895,0.174,0.0316,0.0033
294,0.0044,0.1882,0.5337,0.2452,0.0284
295,0.1969,0.0241,0.1154,0.1854,0.4782
296,0.0051,0.1976,0.6346,0.096,0.0667
297,0.0014,0.8604,0.1174,0.0174,0.0035
298,0.0137,0.1186,0.3777,0.4519,0.0382
299,0.0019,0.2506,0.6986,0.0454,0.0035
300,0.0026,0.1824,0.6503,0.1302,0.0345
301,0.0064,0.1183,0.605,0.2358,0.0345
302,0.2688,0.0272,0.065,0.1793,0.4597
303,0.002,0.0444,0.4309,0.4865,0.0362
304,0.0039,0.0446,0.5088,0.3429,0.0998
305,0.0011,0.5226,0.431,0.0419,0.0034
306,0.0013,0.6271,0.294,0.0567,0.0209
307,0.0014,0.9499,0.0312,0.0139,0.0036
308,0.001,0.9247,0.063,0.0086,0.0026
309,0.003,0.4143,0.542,0.0377,0.0029
310,0.0123,0.0472,0.4643,0.4441,0.0321
311,0.0012,0.6763,0.3029,0.0166,0.003
312,0.0027,0.3374,0.6033,0.0508,0.0058
313,0.0273,0.4117,0.4951,0.0616,0.0043
314,0.0017,0.3344,0.5849,0.0728,0.0063
315,0.003,0.493,0.2675,0.1891,0.0473
316,0.0021,0.8105,0.1727,0.0115,0.0032
317,0.0169,0.1195,0.7262,0.1071,0.0303
318,0.001,0.5524,0.4281,0.0159,0.0027
319,0.0096,0.2755,0.6024,0.0831,0.0294
320,0.001,0.4197,0.5427,0.0339,0.0028
321,0.0021,0.1472,0.7374,0.1027,0.0105
322,0.0025,0.2348,0.7178,0.0417,0.0033
323,0.0012,0.4835,0.4482,0.0572,0.0099
324,0.0398,0.1255,0.4951,0.288,0.0517
325,0.001,0.5924,0.3659,0.0358,0.0049
326,0.0018,0.7248,0.2054,0.0444,0.0237
327,0.0012,0.6831,0.281,0.0315,0.0031
328,0.0069,0.529,0.4036,0.0552,0.0054
329,0.005,0.3757,0.5697,0.046,0.0036
330,0.0013,0.8442,0.1314,0.0198,0.0033
331,0.0021,0.2059,0.654,0.1034,0.0347
332,0.0011,0.3393,0.6233,0.0331,0.0031
333,0.0012,0.4935,0.457,0.0452,0.0032
334,0.0092,0.0064,0.0527,0.5051,0.4266
335,0.001,0.5562,0.4192,0.0209,0.0028
336,0.001,0.523,0.4382,0.0348,0.0029
337,0.0009,0.5028,0.4749,0.0188,0.0026
338,0.0233,0.1326,0.7811,0.0578,0.0052
339,0.0014,0.7976,0.1812,0.0161,0.0038
340,0.004,0.2407,0.665,0.0709,0.0195
341,0.0018,0.2598,0.6997,0.0355,0.0032
342,0.0013,0.8678,0.1143,0.0131,0.0034
343,0.0036,0.4522,0.454,0.0847,0.0055
344,0.0015,0.8044,0.1533,0.0359,0.0049
345,0.0032,0.1459,0.7349,0.11,0.006
346,0.0048,0.5779,0.217,0.1654,0.0348
347,0.012,0.0039,0.0192,0.214,0.7509
348,0.0018,0.7515,0.2144,0.0271,0.0051
349,0.0018,0.1439,0.8034,0.0467,0.0043
350,0.0156,0.4953,0.2619,0.1496,0.0776
351,0.004,0.1031,0.5593,0.2798,0.0537
352,0.0011,0.6152,0.3592,0.0216,0.0028
353,0.0018,0.6035,0.369,0.023,0.0028
354,0.006,0.0128,0.0497,0.2688,0.6627
355,0.0011,0.4464,0.5055,0.0436,0.0034
356,0.0318,0.0231,0.4369,0.4262,0.0819
357,0.0175,0.6921,0.2332,0.0393,0.0179
358,0.0024,0.8189,0.1524,0.022,0.0044
359,0.0017,0.8575,0.1222,0.0146,0.004
360,0.0012,0.8787,0.1066,0.0103,0.0031
361,0.0013,0.8907,0.0936,0.011,0.0033
362,0.0347,0.5414,0.3427,0.0707,0.0105
363,0.0011,0.9234,0.0638,0.009,0.0027
364,0.0241,0.1256,0.6474,0.1685,0.0343
365,0.0009,0.7429,0.2447,0.009,0.0025
366,0.0049,0.5375,0.413,0.0408,0.0038
367,0.0055,0.0123,0.1134,0.2122,0.6566
368,0.0014,0.5907,0.3774,0.0274,0.0032
369,0.0013,0.9031,0.0818,0.0106,0.0032
370,0.0018,0.4335,0.4746,0.0625,0.0276
371,0.0046,0.2725,0.6081,0.0959,0.0189
372,0.0024,0.7898,0.1491,0.0521,0.0066
373,0.0038,0.6734,0.2926,0.027,0.0031
374,0.0079,0.6929,0.1826,0.0861,0.0306
375,0.0228,0.1787,0.4688,0.1675,0.1622
376,0.009,0.1564,0.6398,0.1672,0.0276
377,0.0014,0.508,0.4759,0.0123,0.0024
378,0.0042,0.1505,0.6634,0.144,0.0379
379,0.0153,0.0844,0.7028,0.1652,0.0323
380,0.0038,0.028,0.4988,0.3821,0.0873
381,0.0026,0.1836,0.7644,0.0453,0.0041
382,0.0273,0.045,0.6436,0.2452,0.039
383,0.0013,0.4141,0.5583,0.0229,0.0034
384,0.0527,0.0564,0.3002,0.5345,0.0562
385,0.0014,0.7914,0.1762,0.0267,0.0044
386,0.0249,0.0271,0.414,0.3525,0.1814
387,0.0066,0.0282,0.4105,0.437,0.1178
388,0.0205,0.0262,0.5557,0.3484,0.0492
389,0.031,0.0643,0.6213,0.2336,0.0498
390,0.0047,0.1123,0.7729,0.074,0.0362
391,0.0068,0.3135,0.1475,0.2127,0.3195
392,0.0123,0.0521,0.626,0.3033,0.0063
393,0.0058,0.1391,0.6537,0.1667,0.0347
394,0.0013,0.7633,0.2176,0.0144,0.0033
395,0.0037,0.0619,0.0895,0.2276,0.6172
396,0.002,0.6993,0.2181,0.0589,0.0216
397,0.0017,0.62,0.2907,0.0606,0.027
398,0.0012,0.6784,0.294,0.0231,0.0032
399,0.0108,0.1095,0.4555,0.2632,0.161
400,0.0018,0.6619,0.2717,0.0381,0.0265
401,0.0013,0.2399,0.6094,0.1247,0.0246
402,0.0011,0.5941,0.3589,0.032,0.0139
403,0.0012,0.4754,0.5009,0.0196,0.0029
404,0.0016,0.7014,0.177,0.0699,0.05
405,0.0013,0.4702,0.4244,0.0643,0.0397
406,0.0017,0.4735,0.4641,0.0572,0.0035
407,0.0012,0.4116,0.4574,0.1122,0.0177
408,0.0023,0.0415,0.4013,0.5104,0.0444
409,0.0082,0.3552,0.6075,0.0261,0.003
410,0.0014,0.811,0.1663,0.0179,0.0035
411,0.0014,0.6711,0.2636,0.0375,0.0263
412,0.0207,0.0118,0.0938,0.5594,0.3142
413,0.0014,0.8435,0.131,0.0204,0.0036
414,0.003,0.137,0.468,0.3548,0.0372
415,0.0126,0.1709,0.3964,0.2188,0.2013
416,0.001,0.3925,0.5747,0.0285,0.0033
417,0.0048,0.0501,0.3294,0.5757,0.0399
418,0.0015,0.8217,0.1422,0.0291,0.0055
419,0.0256,0.0665,0.3122,0.5204,0.0753
420,0.0019,0.2689,0.492,0.1127,0.1245
421,0.0015,0.3975,0.4429,0.0847,0.0734
422,0.0025,0.1796,0.6879,0.1198,0.0101
423,0.0011,0.5022,0.4743,0.0199,0.0026
424,0.0036,0.2352,0.6434,0.1125,0.0053
425,0.0211,0.1558,0.4349,0.3543,0.034
426,0.0016,0.4612,0.4426,0.0658,0.0288
427,0.0011,0.4558,0.4804,0.0545,0.0081
428,0.001,0.596,0.381,0.0193,0.0027
429,0.0031,0.2174,0.4573,0.2187,0.1036
430,0.0015,0.8226,0.1473,0.0244,0.0043
431,0.0013,0.677,0.2867,0.0275,0.0075
432,0.0065,0.013,0.5874,0.3756,0.0175
433,0.0139,0.1841,0.419,0.1702,0.2128
434,0.0013,0.8678,0.1143,0.0131,0.0034
435,0.0103,0.1857,0.732,0.0644,0.0076
436,0.002,0.2872,0.6285,0.0653,0.017
437,0.0574,0.0497,0.097,0.1806,0.6153
438,0.0015,0.596,0.3857,0.0141,0.0027
439,0.002,0.4076,0.3944,0.102,0.0939
440,0.0016,0.6731,0.2497,0.0704,0.0052
441,0.0014,0.4976,0.4575,0.0399,0.0037
442,0.0072,0.0963,0.4939,0.3182,0.0845
443,0.0011,0.5048,0.4765,0.015,0.0025
444,0.0103,0.3103,0.6084,0.0654,0.0056
445,0.0016,0.5237,0.4561,0.0161,0.0026
446,0.0014,0.7329,0.2027,0.0386,0.0244
447,0.0368,0.0096,0.161,0.7277,0.0649
448,0.0177,0.006,0.2352,0.5012,0.2399
449,0.0037,0.499,0.438,0.0551,0.0043
450,0.0011,0.5114,0.4276,0.0398,0.0201
451,0.0012,0.6674,0.2895,0.0303,0.0116
452,0.0127,0.084,0.5906,0.2719,0.0407
453,0.0019,0.167,0.7715,0.0559,0.0037
454,0.0013,0.241,0.6586,0.085,0.014
455,0.0019,0.4968,0.3127,0.0705,0.1181
456,0.0017,0.6465,0.3082,0.0334,0.0102
457,0.0145,0.4457,0.5106,0.0263,0.0029
458,0.008,0.1435,0.6612,0.1818,0.0054
459,0.0014,0.7533,0.2109,0.0293,0.0052
460,0.0027,0.4792,0.3863,0.0611,0.0707
461,0.0209,0.1141,0.588,0.2315,0.0454
462,0.0012,0.702,0.2803,0.0136,0.003
463,0.0009,0.5147,0.4672,0.0146,0.0026
464,0.0012,0.5644,0.3666,0.0504,0.0174
465,0.0016,0.5716,0.258,0.1203,0.0485
466,0.0022,0.5205,0.4491,0.0257,0.0026
467,0.001,0.4763,0.4881,0.032,0.0026
468,0.0021,0.2403,0.6625,0.0847,0.0103
469,0.0012,0.6883,0.2912,0.0164,0.003
470,0.002,0.302,0.6415,0.0497,0.0048
471,0.0039,0.0128,0.0959,0.5333,0.354
472,0.0012,0.6841,0.2931,0.0186,0.0031
473,0.002,0.6025,0.2926,0.0705,0.0324
474,0.0018,0.1424,0.7951,0.056,0.0047
475,0.0012,0.3385,0.628,0.0287,0.0036
476,0.0014,0.8934,0.0903,0.0114,0.0035
477,0.0026,0.129,0.7202,0.1226,0.0256
478,0.0014,0.8644,0.1128,0.018,0.0035
479,0.0026,0.21,0.7118,0.0645,0.0111
480,0.0024,0.0498,0.4322,0.4811,0.0345
481,0.0021,0.208,0.6831,0.0986,0.0081
482,0.0026,0.2732,0.6583,0.0622,0.0037
483,0.0016,0.5503,0.4166,0.0287,0.0029
484,0.0059,0.0041,0.044,0.1672,0.7787
485,0.001,0.5119,0.4678,0.0167,0.0027
486,0.0021,0.4914,0.4274,0.0675,0.0116
487,0.0015,0.5738,0.3935,0.0285,0.0027
488,0.0092,0.1958,0.7241,0.0656,0.0054
489,0.001,0.5962,0.3845,0.0156,0.0027
490,0.0011,0.9282,0.059,0.009,0.0027
491,0.005,0.4935,0.4807,0.0182,0.0027
492,0.0016,0.2357,0.6497,0.1079,0.005
493,0.0343,0.1283,0.4627,0.3126,0.062
494,0.0361,0.0408,0.1744,0.5186,0.2302
495,0.0173,0.0298,0.412,0.4625,0.0785
496,0.0076,0.234,0.6206,0.0995,0.0383
497,0.0012,0.4866,0.4551,0.0529,0.0041
498,0.0014,0.8584,0.1131,0.023,0.004
499,0.0016,0.3961,0.5475,0.0478,0.007
500,0.0265,0.0436,0.5403,0.3792,0.0104
501,0.0037,0.6885,0.2857,0.0189,0.0031
502,0.0035,0.0273,0.514,0.4206,0.0346
503,0.3077,0.0346,0.4616,0.1703,0.0258
504,0.001,0.5557,0.4188,0.0218,0.0028
505,0.0013,0.4664,0.4759,0.0523,0.0042
506,0.0024,0.4354,0.5202,0.0387,0.0033
507,0.0013,0.8684,0.1094,0.0174,0.0034
508,0.0017,0.7515,0.2144,0.028,0.0044
509,0.0013,0.5987,0.3733,0.0239,0.0028
510,0.024,0.2199,0.5195,0.1539,0.0826
511,0.0021,0.5643,0.4054,0.0254,0.0028
512,0.0266,0.1136,0.5323,0.2222,0.1053
513,0.0023,0.5054,0.4542,0.0353,0.0029
514,0.0019,0.2392,0.5818,0.1427,0.0344
515,0.0054,0.0194,0.1813,0.1962,0.5978
516,0.0016,0.4874,0.4499,0.0567,0.0044
517,0.0024,0.1389,0.8198,0.0353,0.0035
518,0.0019,0.5745,0.3886,0.0321,0.0029
519,0.0014,0.6747,0.3021,0.0183,0.0036
520,0.0018,0.3228,0.6041,0.0656,0.0057
521,0.002,0.2265,0.7107,0.0565,0.0044
522,0.0012,0.6134,0.3693,0.0135,0.0026
523,0.0019,0.3626,0.6144,0.0181,0.003
524,0.0032,0.268,0.5487,0.175,0.0051
525,0.0236,0.6587,0.1446,0.1292,0.0439
526,0.0012,0.6763,0.3029,0.0166,0.003
527,0.0012,0.3337,0.6192,0.0419,0.004
528,0.0029,0.2441,0.6487,0.099,0.0053
529,0.021,0.017,0.0679,0.3027,0.5914
530,0.0029,0.0911,0.68,0.1891,0.0369
531,0.0029,0.0461,0.4629,0.3702,0.1179
532,0.001,0.5842,0.3937,0.0181,0.0031
533,0.0009,0.5311,0.4509,0.0145,0.0026
534,0.0078,0.1826,0.6117,0.149,0.0488
535,0.0022,0.5039,0.4675,0.0238,0.0026
536,0.0012,0.836,0.1489,0.0109,0.003
537,0.0013,0.5202,0.4594,0.0164,0.0027
538,0.0016,0.4174,0.5397,0.0382,0.0031
539,0.0021,0.6292,0.3268,0.0384,0.0034
540,0.0012,0.6662,0.2795,0.0299,0.0231
541,0.0015,0.3992,0.5306,0.0579,0.0108
542,0.0085,0.0566,0.6195,0.2631,0.0523
543,0.0202,0.1178,0.4058,0.3492,0.107
544,0.001,0.4566,0.4992,0.0399,0.0032
545,0.0009,0.536,0.445,0.0154,0.0026
546,0.0176,0.0363,0.3269,0.4553,0.1639
547,0.0129,0.133,0.4151,0.3651,0.0739
548,0.0012,0.6188,0.3646,0.0126,0.0027
549,0.0202,0.0542,0.2873,0.3259,0.3124
550,0.0436,0.0097,0.0826,0.7069,0.1571
551,0.0017,0.3912,0.5815,0.0226,0.0029
552,0.001,0.6046,0.3765,0.0153,0.0026
553,0.0051,0.1264,0.7923,0.0704,0.0059
554,0.0045,0.4494,0.4558,0.0676,0.0228
555,0.019,0.2893,0.5318,0.1209,0.039
556,0.0014,0.7671,0.2012,0.0268,0.0035
557,0.0014,0.5012,0.458,0.0364,0.003
558,0.0021,0.2413,0.6815,0.0658,0.0092
559,0.0371,0.0983,0.4145,0.3957,0.0543
560,0.0013,0.8376,0.1437,0.0141,0.0033
561,0.0118,0.174,0.7455,0.0627,0.0061
562,0.0048,0.2342,0.6755,0.0667,0.0188
563,0.0015,0.508,0.4607,0.0268,0.003
564,0.0047,0.6814,0.2938,0.0169,0.0031
565,0.0011,0.9119,0.0755,0.0089,0.0027
566,0.0011,0.9486,0.0383,0.0092,0.0028
567,0.003,0.4865,0.4261,0.0597,0.0248
568,0.0012,0.6897,0.2894,0.0167,0.003
569,0.001,0.8819,0.1049,0.0095,0.0026
570,0.0013,0.8884,0.0932,0.0138,0.0033
571,0.0015,0.3097,0.6483,0.0373,0.0032
572,0.0014,0.5883,0.3685,0.0375,0.0042
573,0.005,0.535,0.4314,0.0258,0.0028
574,0.006,0.3885,0.4964,0.0717,0.0374
575,0.0036,0.1681,0.7601,0.0632,0.005
576,0.002,0.4878,0.464,0.0428,0.0035
577,0.0012,0.8139,0.1677,0.0141,0.0031
578,0.0017,0.3839,0.5612,0.049,0.0042
579,0.004,0.0202,0.3219,0.5982,0.0557
580,0.0039,0.0641,0.4011,0.4961,0.0348
581,0.0208,0.4127,0.4283,0.091,0.0471
582,0.0108,0.4406,0.2384,0.1764,0.1338
583,0.002,0.2729,0.6744,0.0468,0.0038
584,0.0036,0.1772,0.6646,0.1464,0.0081
585,0.0019,0.0155,0.4154,0.5237,0.0435
586,0.0057,0.3557,0.581,0.0535,0.004
587,0.0016,0.6009,0.3378,0.0337,0.0259
588,0.0014,0.8477,0.13,0.0174,0.0035
589,0.001,0.5525,0.4282,0.0157,0.0027
590,0.0064,0.0336,0.0784,0.1478,0.7339
591,0.0012,0.4441,0.3628,0.0627,0.1292
592,0.0075,0.0822,0.6626,0.2066,0.0412
593,0.0015,0.5799,0.3603,0.037,0.0214
594,0.0031,0.1118,0.6441,0.2061,0.0349
595,0.0224,0.2252,0.4891,0.2139,0.0494
596,0.0108,0.2787,0.4942,0.1198,0.0966
597,0.0013,0.8416,0.1361,0.0175,0.0034
598,0.0368,0.0117,0.0963,0.3427,0.5126
599,0.0147,0.0412,0.4082,0.4852,0.0507
600,0.0011,0.5805,0.3841,0.0315,0.0028
601,0.0044,0.443,0.4905,0.0577,0.0045
602,0.0035,0.4288,0.4752,0.0639,0.0285
603,0.0105,0.2867,0.5234,0.1321,0.0473
604,0.0014,0.533,0.4502,0.0129,0.0026
605,0.3944,0.1338,0.2662,0.1656,0.0401
606,0.0436,0.2841,0.1597,0.4314,0.0812
607,0.0027,0.7592,0.1808,0.0521,0.0051
608,0.0011,0.516,0.4518,0.0281,0.003
609,0.0015,0.5834,0.3752,0.0339,0.006
610,0.0014,0.7713,0.1849,0.039,0.0035
611,0.0012,0.5598,0.4084,0.0277,0.0029
612,0.0011,0.5974,0.3725,0.0261,0.0028
613,0.0443,0.482,0.314,0.081,0.0786
614,0.0096,0.1288,0.5734,0.2571,0.0311
615,0.0013,0.871,0.1109,0.0135,0.0033
616,0.0027,0.1377,0.6673,0.1828,0.0095
617,0.0045,0.1727,0.471,0.1795,0.1724
618,0.0013,0.894,0.0874,0.0139,0.0034
619,0.0047,0.2034,0.5772,0.2011,0.0137
620,0.032,0.0902,0.5358,0.2608,0.0813
621,0.0012,0.8169,0.1647,0.0141,0.0031
622,0.0027,0.4205,0.5526,0.0215,0.0028
623,0.0016,0.2769,0.6686,0.0478,0.005
624,0.0015,0.7985,0.1686,0.0283,0.0032
625,0.0011,0.6839,0.2957,0.0163,0.003
626,0.0013,0.5009,0.4335,0.0593,0.005
627,0.0021,0.5284,0.2777,0.1308,0.0609
628,0.001,0.6175,0.3639,0.015,0.0027
629,0.001,0.6222,0.3585,0.0156,0.0027
630,0.0014,0.4417,0.509,0.0442,0.0037
631,0.0021,0.2003,0.7567,0.037,0.004
632,0.001,0.6099,0.3639,0.0224,0.0027
633,0.0021,0.1558,0.6426,0.1654,0.0341
634,0.0228,0.3012,0.6303,0.0422,0.0035
635,0.0023,0.3519,0.6124,0.0304,0.0031
636,0.0012,0.5102,0.4702,0.0159,0.0025
637,0.0014,0.8877,0.0889,0.0184,0.0036
638,0.0018,0.6196,0.3212,0.0535,0.004
639,0.0015,0.2817,0.6632,0.0497,0.0039
640,0.0018,0.3583,0.6079,0.029,0.003
641,0.0104,0.1873,0.7263,0.0702,0.0058
642,0.0017,0.4097,0.5581,0.0277,0.0028
643,0.001,0.5954,0.3839,0.017,0.0027
644,0.001,0.6126,0.369,0.0148,0.0027
645,0.0013,0.8678,0.1143,0.0131,0.0034
646,0.0263,0.0497,0.0956,0.6505,0.178
647,0.0013,0.8836,0.1009,0.0109,0.0033
648,0.0014,0.3196,0.637,0.0388,0.0032
649,0.0022,0.4179,0.5457,0.0314,0.0028
650,0.0079,0.032,0.4845,0.4353,0.0403
651,0.001,0.6198,0.3571,0.0194,0.0027
652,0.0088,0.5794,0.3281,0.0676,0.016
653,0.0014,0.7368,0.2135,0.0351,0.0132
654,0.0012,0.7967,0.1811,0.0179,0.0031
655,0.0024,0.2384,0.5817,0.131,0.0465
656,0.0263,0.0421,0.4361,0.3274,0.1682
657,0.0011,0.6153,0.3672,0.0137,0.0028
658,0.0036,0.4772,0.4871,0.0295,0.0026
659,0.0014,0.4069,0.5418,0.0465,0.0033
660,0.0012,0.6856,0.2965,0.0137,0.003
661,0.0013,0.4952,0.4693,0.031,0.0032
662,0.0017,0.1494,0.7982,0.047,0.0036
663,0.0023,0.4894,0.4681,0.0374,0.0029
664,0.0014,0.9361,0.0478,0.0114,0.0035
665,0.0015,0.2896,0.6579,0.0476,0.0033
666,0.0013,0.8521,0.1287,0.0147,0.0032
667,0.0015,0.808,0.173,0.0144,0.0032
668,0.0025,0.499,0.4413,0.0532,0.004
669,0.0014,0.4272,0.5257,0.0424,0.0033
670,0.0011,0.605,0.3699,0.0212,0.0028
671,0.0029,0.6671,0.3058,0.021,0.0032
672,0.0036,0.2082,0.6996,0.0833,0.0053
673,0.0019,0.5651,0.3806,0.0457,0.0068
674,0.0095,0.448,0.4716,0.0646,0.0063
675,0.004,0.0446,0.28,0.3713,0.3001
676,0.0011,0.9012,0.0852,0.0097,0.0028
677,0.0034,0.6123,0.3654,0.0162,0.0028
678,0.0079,0.1494,0.7485,0.0876,0.0066
679,0.0051,0.5187,0.4053,0.0652,0.0056
680,0.0024,0.5682,0.3499,0.0689,0.0106
681,0.0257,0.1648,0.629,0.1391,0.0414
682,0.0017,0.6495,0.2722,0.0505,0.026
683,0.0012,0.5148,0.412,0.051,0.021
684,0.0031,0.1136,0.8345,0.0452,0.0036
685,0.001,0.4059,0.5722,0.018,0.0029
686,0.0017,0.4673,0.4278,0.0676,0.0357
687,0.0011,0.7017,0.2807,0.0136,0.003
688,0.057,0.0559,0.4564,0.2668,0.1639
689,0.0022,0.7556,0.2134,0.0254,0.0034
690,0.0012,0.9178,0.0675,0.0103,0.0031
691,0.001,0.547,0.4308,0.0182,0.0028
692,0.4157,0.0647,0.3455,0.1281,0.0461
693,0.0021,0.7539,0.2141,0.0264,0.0034
694,0.0286,0.0742,0.2929,0.2847,0.3196
695,0.0026,0.5666,0.3949,0.033,0.003
696,0.0013,0.7627,0.2174,0.0153,0.0033
697,0.0035,0.0196,0.0669,0.2603,0.6497
698,0.0011,0.4656,0.4847,0.045,0.0036
699,0.0045,0.2984,0.5275,0.1352,0.0343
700,0.0028,0.2884,0.6133,0.0826,0.0129
701,0.0025,0.6744,0.2589,0.0595,0.0046
702,0.0013,0.8449,0.1307,0.0196,0.0034
703,0.0011,0.45,0.4599,0.0635,0.0255
704,0.001,0.4558,0.5199,0.0207,0.0027
705,0.0014,0.6024,0.372,0.0209,0.0033
706,0.0167,0.207,0.5476,0.189,0.0397
707,0.0023,0.487,0.4144,0.0684,0.0279
708,0.0017,0.4028,0.5514,0.0409,0.0032
709,0.0227,0.0219,0.3576,0.4158,0.182
710,0.0031,0.1406,0.4525,0.3652,0.0387
711,0.0009,0.608,0.3743,0.0142,0.0026
712,0.0019,0.279,0.6657,0.0494,0.004
713,0.0041,0.0834,0.282,0.3068,0.3238
714,0.0025,0.1859,0.6223,0.1477,0.0416
715,0.0011,0.6911,0.289,0.0159,0.0029
716,0.0011,0.3879,0.5704,0.0375,0.0031
717,0.01,0.0187,0.1578,0.7419,0.0716
718,0.0086,0.4854,0.4386,0.0626,0.0049
719,0.002,0.6588,0.2921,0.0391,0.008
720,0.0029,0.5838,0.3931,0.0175,0.0027
721,0.001,0.5748,0.4049,0.0163,0.003
722,0.001,0.6141,0.3699,0.0123,0.0027
723,0.0016,0.4974,0.4728,0.0256,0.0026
724,0.0121,0.0466,0.373,0.5244,0.044
725,0.0017,0.5491,0.4258,0.0202,0.0031
726,0.0097,0.1477,0.3071,0.3677,0.1678
727,0.0026,0.0452,0.6618,0.2839,0.0066
728,0.0029,0.3284,0.5352,0.1078,0.0258
729,0.0009,0.4987,0.4709,0.0269,0.0025
730,0.001,0.4653,0.4983,0.0327,0.0027
731,0.0026,0.4676,0.43,0.0714,0.0284
732,0.0014,0.4236,0.5406,0.0312,0.0031
733,0.0027,0.004,0.0146,0.1034,0.8754
734,0.0039,0.1613,0.6988,0.0922,0.0438
735,0.0019,0.0524,0.6084,0.3205,0.0168
736,0.0032,0.1233,0.6478,0.1807,0.0449
737,0.0027,0.2892,0.63,0.0644,0.0137
738,0.0051,0.1169,0.5496,0.2868,0.0416
739,0.0025,0.2541,0.4986,0.2127,0.032
740,0.0044,0.1025,0.6678,0.194,0.0314
741,0.0054,0.0583,0.5912,0.2986,0.0464
742,0.0064,0.0248,0.3583,0.4308,0.1796
743,0.0023,0.4053,0.5089,0.0619,0.0216
744,0.0024,0.1604,0.6932,0.1089,0.0351
745,0.0124,0.3226,0.5385,0.1122,0.0144
746,0.0013,0.8427,0.1304,0.0222,0.0034
747,0.0016,0.4922,0.4752,0.0278,0.0032
748,0.0053,0.353,0.5532,0.0656,0.023
749,0.0014,0.7601,0.2147,0.0204,0.0034
750,0.0011,0.8465,0.1389,0.0106,0.0029
751,0.0015,0.5124,0.4423,0.0403,0.0035
752,0.0014,0.7498,0.217,0.0283,0.0035
753,0.0114,0.3226,0.4583,0.1531,0.0546
754,0.0023,0.0637,0.6678,0.2303,0.0358
755,0.0011,0.4678,0.463,0.061,0.007
756,0.0012,0.6654,0.295,0.0347,0.0036
757,0.0012,0.5864,0.3816,0.028,0.0029
758,0.0016,0.4499,0.4598,0.0635,0.0252
759,0.003,0.003,0.053,0.4774,0.4637
760,0.001,0.5587,0.4211,0.0164,0.0028
761,0.0031,0.5071,0.3994,0.0621,0.0283
762,0.0015,0.8316,0.1489,0.0143,0.0037
763,0.0015,0.864,0.0894,0.0275,0.0177
764,0.0299,0.0545,0.6647,0.1948,0.0561
765,0.0088,0.1162,0.4874,0.2819,0.1057
766,0.0014,0.7465,0.213,0.0347,0.0044
767,0.0017,0.5815,0.3211,0.0627,0.0331
768,0.0013,0.8723,0.1111,0.012,0.0033
769,0.0055,0.0035,0.1142,0.701,0.1758
770,0.0014,0.5726,0.3242,0.0719,0.0298
771,0.0141,0.0446,0.5059,0.3465,0.0889
772,0.0017,0.4741,0.2586,0.2322,0.0334
773,0.0015,0.4624,0.4286,0.1005,0.0069
774,0.0016,0.7112,0.1816,0.0409,0.0648
775,0.0012,0.836,0.1489,0.0109,0.003
776,0.0027,0.2523,0.6737,0.0642,0.007
777,0.0016,0.1722,0.7842,0.0383,0.0037
778,0.0015,0.8495,0.1253,0.02,0.0038
779,0.027,0.2268,0.2125,0.3991,0.1346
780,0.001,0.4143,0.5516,0.0304,0.0028
781,0.0014,0.5834,0.3524,0.0462,0.0165
782,0.016,0.0253,0.4235,0.4483,0.0869
783,0.0018,0.3552,0.5794,0.0575,0.006
784,0.0116,0.8125,0.1489,0.0231,0.0038
785,0.0028,0.4686,0.4437,0.0575,0.0274
786,0.0141,0.149,0.3253,0.3338,0.1778
787,0.0159,0.0775,0.5531,0.2515,0.1021
788,0.0087,0.0041,0.0357,0.119,0.8326
789,0.0015,0.9079,0.0767,0.0106,0.0032
790,0.0014,0.8215,0.1581,0.0154,0.0036
791,0.8803,0.0364,0.0351,0.0362,0.012
792,0.0704,0.125,0.5808,0.1772,0.0466
793,0.0014,0.1962,0.7456,0.0524,0.0044
794,0.0029,0.0191,0.2955,0.6399,0.0426
795,0.0019,0.7133,0.1594,0.0859,0.0395
796,0.0028,0.009,0.057,0.3969,0.5344
797,0.0015,0.5695,0.3294,0.0699,0.0298
798,0.0037,0.0258,0.1752,0.3484,0.4469
799,0.0114,0.0361,0.0693,0.2107,0.6725
800,0.0099,0.1641,0.5739,0.1819,0.0702
801,0.0017,0.4116,0.5462,0.0374,0.0031
802,0.0014,0.8529,0.1175,0.0242,0.004
803,0.0861,0.0763,0.2937,0.3202,0.2238
804,0.0043,0.5805,0.339,0.0661,0.0101
805,0.0014,0.6625,0.2719,0.0378,0.0265
806,0.0015,0.3477,0.6082,0.039,0.0036
807,0.0024,0.0225,0.3324,0.5957,0.047
808,0.0151,0.0457,0.3813,0.2497,0.3082
809,0.0009,0.5101,0.4656,0.0207,0.0026
810,0.015,0.1577,0.6117,0.1359,0.0797
811,0.005,0.2786,0.656,0.0558,0.0046
812,0.0214,0.3687,0.4331,0.1379,0.0388
813,0.007,0.0997,0.4145,0.4376,0.0412
814,0.0193,0.0036,0.0329,0.2225,0.7218
815,0.0043,0.4691,0.4745,0.0481,0.0039
816,0.0033,0.0155,0.0826,0.6157,0.283
817,0.002,0.1471,0.796,0.0506,0.0044
818,0.0012,0.4721,0.4493,0.0583,0.0192
819,0.0215,0.0739,0.4251,0.3503,0.1292
820,0.0023,0.8705,0.1092,0.0146,0.0034
821,0.0068,0.7346,0.173,0.0564,0.0292
822,0.0016,0.6138,0.2867,0.0689,0.029
823,0.0274,0.0254,0.0933,0.3868,0.4672
824,0.0177,0.1135,0.522,0.2783,0.0685
825,0.0028,0.1039,0.6441,0.2134,0.0358
826,0.0022,0.5123,0.4593,0.0206,0.0057
827,0.0169,0.0165,0.0998,0.3299,0.5369
828,0.002,0.7718,0.1822,0.0395,0.0044
829,0.0723,0.0476,0.6295,0.2352,0.0153
830,0.0032,0.4546,0.5087,0.0304,0.003
831,0.0049,0.4402,0.4893,0.0492,0.0164
832,0.3388,0.2696,0.2118,0.1402,0.0397
833,0.0123,0.0793,0.5768,0.296,0.0356
834,0.0058,0.004,0.0262,0.2011,0.763
835,0.003,0.5432,0.4162,0.034,0.0036
836,0.0012,0.9628,0.0234,0.0097,0.0029
837,0.0063,0.4345,0.4965,0.0567,0.006
838,0.0025,0.4637,0.4656,0.0637,0.0045
839,0.0013,0.4817,0.431,0.0608,0.0252
840,0.0012,0.6786,0.3039,0.0133,0.0031
841,0.001,0.7276,0.2555,0.0133,0.0026
842,0.0021,0.2558,0.6891,0.0484,0.0046
843,0.0068,0.1328,0.6443,0.1703,0.0458
844,0.0058,0.1979,0.602,0.1408,0.0535
845,0.0015,0.8665,0.0858,0.0312,0.015
846,0.0249,0.0394,0.8037,0.1246,0.0074
847,0.0147,0.4537,0.25,0.2364,0.0452
848,0.0167,0.0148,0.1622,0.396,0.4103
849,0.001,0.5579,0.4205,0.0178,0.0028
850,0.0096,0.2423,0.6816,0.0619,0.0045
851,0.0009,0.5005,0.4727,0.0233,0.0026
852,0.001,0.631,0.3515,0.0139,0.0027
853,0.0014,0.4474,0.4897,0.0564,0.0051
854,0.007,0.2369,0.682,0.0675,0.0066
855,0.0084,0.2663,0.6877,0.0344,0.0032
856,0.0127,0.1472,0.6019,0.2046,0.0336
857,0.0012,0.5411,0.3954,0.0541,0.0082
858,0.0026,0.205,0.689,0.0924,0.011
859,0.3291,0.0294,0.0689,0.2572,0.3154
860,0.0009,0.5999,0.382,0.0145,0.0026
861,0.0025,0.586,0.3579,0.0493,0.0043
862,0.0013,0.5942,0.3469,0.0339,0.0238
863,0.0011,0.6847,0.2933,0.0177,0.0031
864,0.0012,0.6614,0.2933,0.0392,0.0049
865,0.0098,0.1819,0.7015,0.0793,0.0274
866,0.0012,0.5433,0.4372,0.0156,0.0026
867,0.0012,0.6859,0.2838,0.0262,0.003
868,0.0015,0.8197,0.1454,0.0288,0.0046
869,0.0038,0.0038,0.0893,0.623,0.2802
870,0.1477,0.316,0.3102,0.1573,0.0689
871,0.0016,0.7547,0.2184,0.0218,0.0035
872,0.0031,0.004,0.0174,0.1213,0.8542
873,0.0014,0.8701,0.1029,0.0215,0.0041
874,0.0012,0.361,0.5425,0.0695,0.0259
875,0.0019,0.3067,0.6512,0.0366,0.0037
876,0.0019,0.5473,0.3449,0.0996,0.0063
877,0.0017,0.8094,0.1358,0.0315,0.0216
878,0.002,0.3374,0.5754,0.0734,0.0118
879,0.4345,0.0545,0.168,0.3035,0.0395
880,0.0054,0.1451,0.6418,0.1928,0.0149
881,0.001,0.5413,0.4222,0.0321,0.0032
882,0.0129,0.1399,0.6056,0.1973,0.0443
883,0.0022,0.4894,0.4765,0.029,0.003
884,0.0031,0.1297,0.7331,0.1291,0.005
885,0.0073,0.306,0.3096,0.1612,0.2159
886,0.0013,0.5057,0.4609,0.0288,0.0033
887,0.0023,0.0895,0.6358,0.2494,0.0231
888,0.0043,0.1598,0.5461,0.2598,0.03
889,0.002,0.4776,0.4073,0.0674,0.0458
890,0.0011,0.6052,0.3701,0.0209,0.0028
891,0.0017,0.7742,0.1991,0.0217,0.0032
892,0.0142,0.1755,0.728,0.0741,0.0082
893,0.0117,0.2583,0.6286,0.0726,0.0288
894,0.0025,0.5953,0.3676,0.0314,0.0032
895,0.0033,0.0068,0.1815,0.7434,0.065
896,0.0016,0.5514,0.4257,0.0183,0.0029
897,0.0049,0.0789,0.4962,0.3448,0.0752
898,0.0692,0.1733,0.513,0.1629,0.0817
899,0.0035,0.2832,0.6814,0.0289,0.003
900,0.0014,0.8644,0.1128,0.018,0.0035
901,0.0161,0.2145,0.6058,0.1298,0.0338
902,0.0015,0.7987,0.1696,0.0261,0.0041
903,0.0013,0.4793,0.3864,0.0637,0.0693
904,0.0029,0.1685,0.7441,0.068,0.0165
905,0.0012,0.8787,0.1066,0.0103,0.0031
906,0.01,0.143,0.774,0.0679,0.0051
907,0.0021,0.4868,0.4174,0.0649,0.0288
908,0.0289,0.1076,0.5269,0.281,0.0556
909,0.0072,0.164,0.5821,0.1798,0.0668
910,0.0077,0.0484,0.2783,0.5399,0.1257
911,0.0012,0.6795,0.2973,0.0188,0.0031
912,0.0014,0.7386,0.2159,0.0372,0.0069
913,0.015,0.0509,0.0621,0.303,0.569
914,0.0024,0.7887,0.1119,0.0785,0.0185
915,0.001,0.5673,0.4129,0.0161,0.0027
916,0.002,0.1844,0.6781,0.1278,0.0076
917,0.0013,0.7529,0.2223,0.0201,0.0034
918,0.0016,0.6617,0.2671,0.039,0.0305
919,0.0066,0.131,0.7485,0.1071,0.0067
920,0.0014,0.7599,0.1964,0.0379,0.0044
921,0.0094,0.1313,0.6524,0.1453,0.0616
922,0.0028,0.2175,0.4574,0.2187,0.1036
923,0.0013,0.8933,0.0873,0.0147,0.0034
924,0.0014,0.7509,0.2217,0.022,0.004
925,0.0071,0.1996,0.3297,0.3905,0.073
926,0.0086,0.2741,0.6189,0.094,0.0045
927,0.0028,0.1907,0.6412,0.1535,0.0118
928,0.0083,0.0743,0.6635,0.2069,0.047
929,0.0094,0.1385,0.6575,0.1637,0.0309
930,0.0045,0.028,0.4025,0.3386,0.2264
931,0.0099,0.119,0.4806,0.1725,0.2181
932,0.0018,0.7695,0.1676,0.0539,0.0072
933,0.0029,0.1432,0.688,0.1516,0.0142
934,0.0016,0.5331,0.4302,0.0323,0.0028
935,0.0044,0.0126,0.1001,0.2137,0.6692
936,0.0019,0.1935,0.4499,0.2748,0.0799
937,0.0282,0.0231,0.468,0.3336,0.1472
938,0.0022,0.3556,0.5779,0.0543,0.0101
939,0.0065,0.8231,0.1445,0.0216,0.0043
940,0.0012,0.5907,0.3452,0.0398,0.0231
941,0.0044,0.2216,0.6015,0.1195,0.0529
942,0.0077,0.1767,0.6479,0.1317,0.0361
943,0.0062,0.5269,0.3837,0.0628,0.0205
944,0.0018,0.6066,0.3228,0.063,0.0059
945,0.0073,0.0144,0.4312,0.5089,0.0382
946,0.0025,0.2457,0.6945,0.0528,0.0045
947,0.0019,0.7066,0.2106,0.0726,0.0083
948,0.0014,0.8915,0.0901,0.0135,0.0035
949,0.0059,0.7709,0.166,0.0487,0.0085
950,0.0028,0.0686,0.4812,0.4278,0.0196
951,0.0015,0.5342,0.433,0.0285,0.0027
952,0.0019,0.6766,0.2928,0.0226,0.0062
953,0.0012,0.7082,0.2705,0.0171,0.003
954,0.0112,0.0496,0.285,0.3705,0.2838
955,0.1375,0.3834,0.421,0.0531,0.005
956,0.0026,0.3787,0.4825,0.1251,0.011
957,0.0013,0.5312,0.4443,0.0206,0.0027
958,0.0014,0.5084,0.4425,0.0435,0.0043
959,0.0054,0.1375,0.5935,0.1831,0.0807
960,0.0049,0.6687,0.2481,0.0704,0.008
961,0.002,0.165,0.5128,0.2776,0.0426
962,0.0041,0.106,0.6911,0.1443,0.0545
963,0.0019,0.6581,0.3062,0.0302,0.0036
964,0.0099,0.4355,0.4406,0.1033,0.0106
965,0.0013,0.5819,0.3977,0.0163,0.0028
966,0.0032,0.1162,0.7469,0.1018,0.0318
967,0.0012,0.5845,0.3378,0.0526,0.0239
968,0.0062,0.435,0.4971,0.0573,0.0044
969,0.0026,0.6013,0.2876,0.0703,0.0382
970,0.0012,0.5582,0.4206,0.0172,0.0028
971,0.0012,0.5661,0.3661,0.0396,0.0271
972,0.0011,0.6138,0.3662,0.0162,0.0028
973,0.0065,0.1397,0.6082,0.2101,0.0356
974,0.0013,0.8203,0.1626,0.0124,0.0034
975,0.0014,0.7566,0.2158,0.0222,0.004
976,0.0093,0.0158,0.0424,0.1244,0.808
977,0.0072,0.0738,0.633,0.2556,0.0305
978,0.0012,0.2419,0.7021,0.0499,0.0049
979,0.0018,0.4506,0.4932,0.0501,0.0043
980,0.002,0.5167,0.2804,0.0686,0.1322
981,0.0014,0.8934,0.0903,0.0114,0.0035
982,0.0011,0.3159,0.6398,0.04,0.0031
983,0.0049,0.1134,0.7391,0.1034,0.0392
984,0.0118,0.2435,0.526,0.1511,0.0676
985,0.0014,0.9321,0.0503,0.0127,0.0036
986,0.0013,0.8917,0.0872,0.0164,0.0034
987,0.0017,0.6282,0.293,0.0561,0.021
988,0.0025,0.2428,0.5114,0.2083,0.0349
989,0.0011,0.6108,0.3645,0.0209,0.0028
990,0.0014,0.7817,0.1687,0.0289,0.0193
991,0.0171,0.0167,0.191,0.5728,0.2023
992,0.0032,0.1312,0.7247,0.1359,0.005
993,0.0011,0.4988,0.4558,0.0413,0.003
994,0.0146,0.098,0.6369,0.182,0.0684
995,0.0015,0.3003,0.5793,0.0781,0.0408
996,0.0019,0.6776,0.2775,0.0333,0.0096
997,0.008,0.5654,0.2985,0.0897,0.0383
998,0.0059,0.6439,0.3253,0.0213,0.0035
999,0.0031,0.1555,0.5351,0.2683,0.0381
1000,0.0011,0.6157,0.3667,0.0138,0.0028
1001,0.0023,0.0549,0.6467,0.262,0.0342
1002,0.0011,0.8929,0.0941,0.0091,0.0028
1003,0.003,0.0038,0.0703,0.7587,0.1642
1004,0.0023,0.0034,0.0564,0.6806,0.2572
1005,0.0012,0.32,0.6092,0.0635,0.006
1006,0.002,0.0031,0.04,0.4216,0.5333
1007,0.0023,0.0198,0.0326,0.3931,0.5522
1008,0.0019,0.0031,0.072,0.5026,0.4204
1009,0.0026,0.0037,0.0394,0.6304,0.3238
1010,0.0017,0.003,0.016,0.477,0.5024
1011,0.0023,0.0035,0.0619,0.5625,0.3698
1012,0.0036,0.0142,0.1949,0.6733,0.1139
1013,0.0215,0.0461,0.0932,0.5773,0.2619
1014,0.0022,0.0085,0.0215,0.425,0.5428
1015,0.0017,0.1881,0.7057,0.0997,0.0047
1016,0.0012,0.4737,0.4689,0.0514,0.0048
1017,0.0026,0.0112,0.037,0.5165,0.4327
1018,0.0021,0.0034,0.0105,0.0867,0.8973
1019,0.002,0.0032,0.0116,0.0919,0.8912
1020,0.003,0.5228,0.4061,0.0584,0.0096
1021,0.0026,0.0038,0.0247,0.2762,0.6926
1022,0.0021,0.0524,0.8334,0.1064,0.0057
1023,0.0048,0.0058,0.0585,0.5069,0.4241
1024,0.0025,0.0123,0.1021,0.6074,0.2758
1025,0.0033,0.0112,0.269,0.663,0.0534
1026,0.0025,0.0108,0.3093,0.6308,0.0466
1027,0.0025,0.01,0.2595,0.5691,0.1589
1028,0.0064,0.0758,0.2311,0.6382,0.0485
1029,0.0017,0.003,0.0378,0.488,0.4694
1030,0.0027,0.0071,0.4909,0.4876,0.0117
1031,0.0024,0.0122,0.0532,0.5025,0.4296
1032,0.0032,0.1604,0.4798,0.3173,0.0393
1033,0.0072,0.0034,0.0449,0.3224,0.6222
1034,0.0019,0.1551,0.6644,0.1697,0.009
1035,0.0047,0.0141,0.0143,0.279,0.6879
1036,0.0032,0.0129,0.0371,0.3231,0.6237
1037,0.0028,0.0041,0.0149,0.1159,0.8623
1038,0.0031,0.0029,0.0146,0.4548,0.5246
1039,0.002,0.0188,0.6357,0.3305,0.0129
