id,no answer,very important,quite important,not important,not at all important
0.0000,0.0022,0.6938,0.1889,0.1064,0.0088
1.0000,0.0105,0.0966,0.8320,0.0543,0.0067
2.0000,0.0197,0.1659,0.5443,0.2590,0.0111
3.0000,0.0240,0.0814,0.6871,0.1663,0.0412
4.0000,0.0040,0.2307,0.7129,0.0456,0.0068
5.0000,0.0014,0.6145,0.3461,0.0337,0.0043
6.0000,0.0017,0.8176,0.1305,0.0419,0.0083
7.0000,0.0113,0.0292,0.2388,0.5015,0.2191
8.0000,0.0047,0.5595,0.3572,0.0540,0.0246
9.0000,0.0045,0.8739,0.0950,0.0216,0.0050
10.0000,0.0129,0.4952,0.3902,0.0698,0.0319
11.0000,0.0167,0.0330,0.1160,0.5268,0.3075
12.0000,0.0014,0.9333,0.0489,0.0114,0.0050
13.0000,0.0017,0.5141,0.4604,0.0201,0.0036
14.0000,0.0128,0.1432,0.6698,0.1655,0.0087
15.0000,0.0015,0.5940,0.3823,0.0184,0.0038
16.0000,0.0017,0.7734,0.2011,0.0199,0.0038
17.0000,0.0127,0.0025,0.0364,0.8622,0.0863
18.0000,0.0136,0.1872,0.7547,0.0394,0.0051
19.0000,0.0032,0.5325,0.3779,0.0527,0.0337
20.0000,0.2162,0.0743,0.2716,0.3000,0.1379
21.0000,0.0016,0.9284,0.0518,0.0123,0.0059
22.0000,0.0249,0.1989,0.5661,0.1766,0.0335
23.0000,0.0036,0.3724,0.5527,0.0642,0.0071
24.0000,0.0070,0.2464,0.6784,0.0623,0.0060
25.0000,0.0021,0.3286,0.6031,0.0598,0.0063
26.0000,0.0746,0.5735,0.2823,0.0512,0.0184
27.0000,0.0140,0.1468,0.6394,0.1409,0.0589
28.0000,0.0052,0.3125,0.5820,0.0920,0.0083
29.0000,0.0412,0.1937,0.7012,0.0559,0.0079
30.0000,0.0150,0.0474,0.2810,0.4398,0.2168
31.0000,0.0022,0.5233,0.4435,0.0272,0.0038
32.0000,0.0019,0.8979,0.0797,0.0146,0.0059
33.0000,0.0085,0.2822,0.6245,0.0743,0.0106
34.0000,0.0016,0.6518,0.3249,0.0181,0.0036
35.0000,0.0098,0.1494,0.3129,0.3539,0.1740
36.0000,0.0086,0.4591,0.4930,0.0349,0.0044
37.0000,0.0015,0.8391,0.1372,0.0178,0.0044
38.0000,0.0012,0.3515,0.6099,0.0334,0.0039
39.0000,0.0023,0.4540,0.5078,0.0324,0.0035
40.0000,0.0017,0.6814,0.2933,0.0196,0.0041
41.0000,0.0156,0.0969,0.3672,0.2884,0.2319
42.0000,0.0034,0.4138,0.4053,0.1171,0.0604
43.0000,0.0014,0.5679,0.4043,0.0228,0.0036
44.0000,0.0031,0.5304,0.4262,0.0357,0.0047
45.0000,0.0051,0.1990,0.3790,0.3842,0.0326
46.0000,0.0012,0.6132,0.3646,0.0171,0.0039
47.0000,0.0019,0.5002,0.4328,0.0492,0.0159
48.0000,0.0036,0.7172,0.2283,0.0436,0.0073
49.0000,0.0097,0.8477,0.1205,0.0176,0.0045
50.0000,0.0014,0.7787,0.1901,0.0256,0.0042
51.0000,0.0018,0.6104,0.2797,0.0776,0.0305
52.0000,0.0022,0.3775,0.5812,0.0335,0.0056
53.0000,0.0133,0.0939,0.4534,0.4082,0.0313
54.0000,0.0026,0.1746,0.6356,0.1644,0.0227
55.0000,0.0012,0.6403,0.3391,0.0159,0.0036
56.0000,0.0064,0.1486,0.7730,0.0647,0.0074
57.0000,0.0019,0.4526,0.4971,0.0437,0.0047
58.0000,0.0027,0.1702,0.5551,0.2563,0.0156
59.0000,0.0039,0.6322,0.3261,0.0306,0.0072
60.0000,0.0014,0.8223,0.1563,0.0161,0.0039
61.0000,0.0103,0.0214,0.4735,0.3813,0.1135
62.0000,0.0110,0.0814,0.7130,0.1768,0.0178
63.0000,0.0026,0.3677,0.5774,0.0472,0.0051
64.0000,0.0030,0.5553,0.3785,0.0539,0.0093
65.0000,0.0075,0.2596,0.6802,0.0479,0.0048
66.0000,0.0213,0.1245,0.5668,0.2764,0.0109
67.0000,0.0026,0.6449,0.2677,0.0756,0.0093
68.0000,0.0037,0.4404,0.5226,0.0295,0.0039
69.0000,0.0027,0.1328,0.7072,0.1488,0.0084
70.0000,0.0043,0.5556,0.1992,0.2054,0.0355
71.0000,0.0035,0.5371,0.3892,0.0630,0.0071
72.0000,0.0048,0.8415,0.1340,0.0156,0.0041
73.0000,0.0058,0.2202,0.6487,0.1083,0.0170
74.0000,0.0019,0.6580,0.2872,0.0448,0.0082
75.0000,0.0023,0.7609,0.1771,0.0514,0.0083
76.0000,0.0016,0.8991,0.0819,0.0129,0.0046
77.0000,0.0083,0.2202,0.6486,0.1059,0.0170
78.0000,0.0144,0.5656,0.3363,0.0663,0.0174
79.0000,0.0025,0.4280,0.5351,0.0307,0.0037
80.0000,0.0026,0.5165,0.4129,0.0619,0.0061
81.0000,0.0017,0.7219,0.2531,0.0192,0.0041
82.0000,0.0055,0.3177,0.5389,0.0851,0.0529
83.0000,0.2110,0.2352,0.4490,0.0716,0.0333
84.0000,0.0105,0.1652,0.3627,0.3936,0.0681
85.0000,0.0017,0.5815,0.3661,0.0414,0.0093
86.0000,0.0019,0.7496,0.2132,0.0310,0.0043
87.0000,0.0014,0.5748,0.4037,0.0165,0.0036
88.0000,0.0087,0.0422,0.3228,0.5205,0.1058
89.0000,0.0114,0.1512,0.3839,0.4110,0.0426
90.0000,0.0022,0.5131,0.4508,0.0259,0.0080
91.0000,0.0085,0.1864,0.6657,0.0959,0.0436
92.0000,0.0144,0.1975,0.4486,0.3031,0.0365
93.0000,0.0238,0.1859,0.4221,0.3264,0.0419
94.0000,0.0029,0.6405,0.3048,0.0400,0.0119
95.0000,0.0012,0.6402,0.3404,0.0143,0.0038
96.0000,0.0098,0.0474,0.5282,0.2400,0.1746
97.0000,0.0028,0.6776,0.2898,0.0259,0.0039
98.0000,0.0052,0.1375,0.2066,0.5453,0.1055
99.0000,0.0013,0.5799,0.3855,0.0292,0.0041
100.0000,0.0013,0.7193,0.2594,0.0162,0.0037
101.0000,0.0061,0.2423,0.6347,0.1055,0.0114
102.0000,0.0066,0.2740,0.3603,0.1664,0.1928
103.0000,0.0090,0.0129,0.1505,0.3430,0.4846
104.0000,0.0117,0.0123,0.0943,0.5350,0.3467
105.0000,0.0015,0.9314,0.0504,0.0112,0.0056
106.0000,0.0177,0.2020,0.6271,0.1439,0.0093
107.0000,0.0028,0.7787,0.1975,0.0169,0.0041
108.0000,0.0019,0.7127,0.2551,0.0261,0.0042
109.0000,0.0095,0.4968,0.3586,0.1026,0.0325
110.0000,0.0018,0.2080,0.6665,0.1074,0.0162
111.0000,0.0018,0.7889,0.1890,0.0164,0.0040
112.0000,0.0024,0.2501,0.7057,0.0361,0.0057
113.0000,0.0041,0.0705,0.8131,0.1029,0.0094
114.0000,0.0073,0.5047,0.3837,0.0968,0.0075
115.0000,0.0018,0.7098,0.2606,0.0239,0.0040
116.0000,0.0153,0.0122,0.4102,0.4432,0.1191
117.0000,0.0107,0.0296,0.4065,0.4399,0.1133
118.0000,0.0013,0.4654,0.4777,0.0496,0.0060
119.0000,0.0116,0.0404,0.2636,0.4807,0.2037
120.0000,0.0013,0.7650,0.2167,0.0133,0.0037
121.0000,0.0105,0.2755,0.6599,0.0486,0.0055
122.0000,0.0078,0.0198,0.1433,0.3722,0.4569
123.0000,0.0119,0.0129,0.2751,0.5058,0.1943
124.0000,0.0124,0.1790,0.5009,0.2534,0.0543
125.0000,0.0018,0.5977,0.3521,0.0407,0.0077
126.0000,0.0160,0.0461,0.4256,0.4082,0.1041
127.0000,0.0075,0.5661,0.3920,0.0298,0.0046
128.0000,0.0038,0.6868,0.2306,0.0617,0.0171
129.0000,0.0066,0.1336,0.7444,0.1053,0.0100
130.0000,0.0024,0.0416,0.6736,0.2593,0.0231
131.0000,0.0059,0.1910,0.2573,0.1742,0.3716
132.0000,0.0017,0.7460,0.2322,0.0162,0.0039
133.0000,0.0130,0.1548,0.5235,0.2658,0.0430
134.0000,0.0018,0.4253,0.4834,0.0648,0.0247
135.0000,0.0065,0.6185,0.3410,0.0301,0.0038
136.0000,0.0363,0.1645,0.2930,0.2053,0.3009
137.0000,0.0031,0.2586,0.6912,0.0410,0.0061
138.0000,0.0158,0.1118,0.1403,0.3757,0.3564
139.0000,0.0108,0.1324,0.6250,0.1945,0.0372
140.0000,0.0166,0.2381,0.6546,0.0652,0.0255
141.0000,0.0075,0.1809,0.6189,0.1748,0.0180
142.0000,0.0041,0.5690,0.3901,0.0308,0.0059
143.0000,0.0071,0.2203,0.6740,0.0788,0.0198
144.0000,0.0027,0.6948,0.2790,0.0184,0.0051
145.0000,0.0420,0.1002,0.2145,0.3340,0.3094
146.0000,0.0049,0.3688,0.4851,0.0997,0.0415
147.0000,0.0234,0.1773,0.6340,0.1476,0.0177
148.0000,0.0225,0.0570,0.6629,0.2342,0.0235
149.0000,0.0030,0.4916,0.4385,0.0556,0.0112
150.0000,0.0609,0.0773,0.6598,0.1745,0.0275
151.0000,0.0050,0.0151,0.2132,0.3083,0.4584
152.0000,0.0015,0.8567,0.1169,0.0197,0.0052
153.0000,0.0018,0.6178,0.3505,0.0254,0.0045
154.0000,0.0015,0.8557,0.1281,0.0110,0.0038
155.0000,0.0318,0.0448,0.2680,0.4197,0.2356
156.0000,0.0062,0.2398,0.6700,0.0602,0.0238
157.0000,0.0015,0.8057,0.1750,0.0139,0.0039
158.0000,0.0170,0.1334,0.6178,0.1939,0.0379
159.0000,0.0141,0.0328,0.2004,0.5238,0.2289
160.0000,0.0293,0.2426,0.5219,0.1982,0.0079
161.0000,0.0015,0.9348,0.0468,0.0113,0.0056
162.0000,0.0108,0.0337,0.1357,0.4013,0.4185
163.0000,0.0019,0.4838,0.4852,0.0251,0.0041
164.0000,0.0147,0.2053,0.6554,0.1108,0.0137
165.0000,0.0014,0.2891,0.6728,0.0325,0.0042
166.0000,0.0034,0.6010,0.2880,0.0631,0.0445
167.0000,0.0017,0.7731,0.2011,0.0195,0.0045
168.0000,0.0061,0.4552,0.4986,0.0362,0.0039
169.0000,0.0037,0.5470,0.3217,0.1129,0.0148
170.0000,0.0054,0.6381,0.2826,0.0669,0.0070
171.0000,0.0027,0.4713,0.4620,0.0581,0.0058
172.0000,0.0029,0.1252,0.7712,0.0923,0.0085
173.0000,0.0066,0.1770,0.7032,0.0829,0.0303
174.0000,0.0111,0.0496,0.7434,0.1549,0.0410
175.0000,0.0335,0.2015,0.6448,0.1050,0.0151
176.0000,0.0040,0.0121,0.3475,0.5207,0.1156
177.0000,0.0131,0.1394,0.7673,0.0704,0.0098
178.0000,0.0029,0.8738,0.1034,0.0153,0.0045
179.0000,0.0028,0.3931,0.5483,0.0501,0.0056
180.0000,0.0049,0.4223,0.5279,0.0391,0.0057
181.0000,0.0065,0.1918,0.6624,0.1320,0.0074
182.0000,0.0019,0.8795,0.0997,0.0144,0.0045
183.0000,0.0014,0.5228,0.4512,0.0213,0.0032
184.0000,0.0088,0.0134,0.3906,0.5404,0.0469
185.0000,0.0039,0.3885,0.5418,0.0454,0.0203
186.0000,0.0015,0.8602,0.1143,0.0196,0.0044
187.0000,0.0047,0.4957,0.4681,0.0279,0.0036
188.0000,0.0085,0.1753,0.7085,0.0966,0.0111
189.0000,0.0017,0.8757,0.0931,0.0227,0.0069
190.0000,0.0126,0.0442,0.3554,0.4965,0.0913
191.0000,0.0025,0.6861,0.2899,0.0173,0.0042
192.0000,0.0104,0.2465,0.3242,0.1798,0.2391
193.0000,0.0123,0.0350,0.2944,0.4834,0.1749
194.0000,0.0034,0.7228,0.1824,0.0752,0.0162
195.0000,0.0065,0.0501,0.2849,0.5862,0.0722
196.0000,0.0030,0.3469,0.6106,0.0350,0.0047
197.0000,0.0019,0.9330,0.0443,0.0147,0.0061
198.0000,0.0176,0.0441,0.1669,0.6019,0.1695
199.0000,0.0014,0.5713,0.3809,0.0391,0.0073
200.0000,0.0380,0.0736,0.4168,0.3903,0.0812
201.0000,0.0121,0.0054,0.0562,0.2907,0.6356
202.0000,0.0035,0.4130,0.5203,0.0578,0.0054
203.0000,0.0017,0.7469,0.2320,0.0155,0.0038
204.0000,0.0019,0.7043,0.2540,0.0328,0.0071
205.0000,0.0049,0.1675,0.5474,0.2517,0.0285
206.0000,0.0041,0.6933,0.1897,0.0706,0.0422
207.0000,0.0013,0.4998,0.4747,0.0209,0.0033
208.0000,0.0032,0.2120,0.5099,0.1983,0.0765
209.0000,0.0020,0.2753,0.6505,0.0639,0.0084
210.0000,0.0041,0.5233,0.2112,0.1599,0.1015
211.0000,0.0044,0.0967,0.5174,0.2687,0.1128
212.0000,0.0163,0.0108,0.1371,0.6514,0.1844
213.0000,0.0089,0.2396,0.5861,0.1566,0.0087
214.0000,0.0085,0.1652,0.5673,0.2429,0.0162
215.0000,0.0029,0.2124,0.7265,0.0518,0.0064
216.0000,0.0047,0.0132,0.1590,0.5990,0.2240
217.0000,0.0016,0.8376,0.1444,0.0121,0.0043
218.0000,0.0015,0.8142,0.1602,0.0199,0.0042
219.0000,0.0015,0.7400,0.2247,0.0293,0.0046
220.0000,0.0117,0.0304,0.1672,0.5893,0.2014
221.0000,0.0016,0.8117,0.1406,0.0405,0.0056
222.0000,0.0080,0.1859,0.4024,0.2950,0.1087
223.0000,0.0018,0.8248,0.1530,0.0163,0.0041
224.0000,0.0122,0.0119,0.1100,0.5543,0.3117
225.0000,0.0022,0.3585,0.5591,0.0656,0.0146
226.0000,0.0084,0.3521,0.5298,0.0773,0.0324
227.0000,0.0018,0.4101,0.5305,0.0507,0.0069
228.0000,0.0311,0.8255,0.1179,0.0199,0.0056
229.0000,0.0015,0.5196,0.4014,0.0672,0.0103
230.0000,0.0070,0.3306,0.3802,0.1931,0.0891
231.0000,0.0041,0.0858,0.7323,0.1677,0.0102
232.0000,0.0015,0.8898,0.0824,0.0202,0.0061
233.0000,0.0324,0.1983,0.3639,0.2405,0.1649
234.0000,0.0075,0.0571,0.3841,0.4247,0.1266
235.0000,0.0102,0.0262,0.4047,0.4387,0.1202
236.0000,0.0030,0.0617,0.7738,0.1539,0.0077
237.0000,0.0015,0.8799,0.0980,0.0158,0.0048
238.0000,0.0042,0.1045,0.7326,0.1483,0.0103
239.0000,0.0040,0.7371,0.2261,0.0276,0.0052
240.0000,0.0104,0.0876,0.6793,0.2110,0.0116
241.0000,0.0324,0.5015,0.3591,0.0964,0.0107
242.0000,0.0018,0.7540,0.2245,0.0158,0.0040
243.0000,0.0018,0.4726,0.4579,0.0559,0.0117
244.0000,0.0016,0.7723,0.1941,0.0269,0.0052
245.0000,0.0022,0.5581,0.4100,0.0248,0.0048
246.0000,0.0019,0.9454,0.0296,0.0171,0.0060
247.0000,0.0163,0.6533,0.2290,0.0800,0.0212
248.0000,0.0032,0.5915,0.3368,0.0533,0.0151
249.0000,0.0027,0.1077,0.7971,0.0841,0.0084
250.0000,0.0081,0.3439,0.6157,0.0284,0.0038
251.0000,0.0022,0.7088,0.2666,0.0187,0.0037
252.0000,0.0015,0.6391,0.3399,0.0155,0.0039
253.0000,0.0029,0.3288,0.5924,0.0671,0.0088
254.0000,0.0149,0.1236,0.3576,0.3846,0.1192
255.0000,0.0121,0.5713,0.3237,0.0603,0.0326
256.0000,0.0015,0.9009,0.0721,0.0186,0.0068
257.0000,0.0220,0.0128,0.1468,0.4679,0.3505
258.0000,0.0014,0.7974,0.1768,0.0193,0.0050
259.0000,0.0021,0.6772,0.2608,0.0464,0.0136
260.0000,0.0086,0.0470,0.3123,0.3765,0.2556
261.0000,0.0021,0.5303,0.4049,0.0565,0.0062
262.0000,0.0033,0.6456,0.2536,0.0640,0.0334
263.0000,0.0141,0.0479,0.3767,0.4537,0.1077
264.0000,0.0136,0.0392,0.4990,0.2459,0.2022
265.0000,0.0070,0.1321,0.3669,0.2709,0.2230
266.0000,0.0031,0.1772,0.5206,0.2591,0.0399
267.0000,0.0024,0.5687,0.4050,0.0200,0.0040
268.0000,0.0025,0.4931,0.4741,0.0269,0.0033
269.0000,0.0014,0.6717,0.3013,0.0219,0.0037
270.0000,0.0078,0.3736,0.5005,0.0819,0.0361
271.0000,0.0019,0.7441,0.2188,0.0270,0.0083
272.0000,0.0019,0.5261,0.4022,0.0467,0.0231
273.0000,0.0254,0.2917,0.5445,0.1004,0.0379
274.0000,0.0061,0.0103,0.1034,0.5313,0.3489
275.0000,0.0016,0.7563,0.2056,0.0299,0.0066
276.0000,0.0025,0.7218,0.2569,0.0149,0.0038
277.0000,0.0014,0.7994,0.1790,0.0161,0.0040
278.0000,0.0019,0.6629,0.2959,0.0348,0.0046
279.0000,0.0060,0.3617,0.5697,0.0540,0.0087
280.0000,0.0024,0.8576,0.1015,0.0314,0.0070
281.0000,0.0082,0.3163,0.6367,0.0337,0.0052
282.0000,0.0142,0.0392,0.5609,0.2306,0.1551
283.0000,0.0151,0.4932,0.3775,0.1007,0.0135
284.0000,0.0012,0.5613,0.4079,0.0257,0.0038
285.0000,0.0089,0.1694,0.6412,0.1516,0.0290
286.0000,0.0016,0.8468,0.1345,0.0130,0.0041
287.0000,0.1998,0.4830,0.2844,0.0271,0.0058
288.0000,0.0031,0.0045,0.1389,0.4694,0.3842
289.0000,0.0028,0.2415,0.7023,0.0476,0.0057
290.0000,0.0074,0.2030,0.3536,0.3955,0.0405
291.0000,0.0191,0.0843,0.5372,0.2508,0.1086
292.0000,0.0366,0.0207,0.2156,0.3462,0.3808
293.0000,0.0020,0.7760,0.1852,0.0322,0.0047
294.0000,0.0135,0.1878,0.5797,0.1840,0.0350
295.0000,0.1701,0.0401,0.1344,0.2995,0.3558
296.0000,0.0050,0.2094,0.4559,0.1782,0.1514
297.0000,0.0018,0.8277,0.1474,0.0186,0.0046
298.0000,0.0087,0.1723,0.4732,0.3140,0.0318
299.0000,0.0028,0.2292,0.7272,0.0361,0.0047
300.0000,0.0045,0.2051,0.6121,0.1603,0.0181
301.0000,0.0095,0.0915,0.6027,0.2614,0.0349
302.0000,0.1848,0.0369,0.0931,0.1574,0.5279
303.0000,0.0051,0.0876,0.4393,0.4512,0.0169
304.0000,0.0134,0.0418,0.5431,0.2914,0.1102
305.0000,0.0021,0.5863,0.3668,0.0402,0.0046
306.0000,0.0015,0.6813,0.2609,0.0431,0.0132
307.0000,0.0016,0.9472,0.0338,0.0117,0.0056
308.0000,0.0015,0.8975,0.0845,0.0114,0.0050
309.0000,0.0016,0.4456,0.5194,0.0296,0.0039
310.0000,0.0089,0.0410,0.4576,0.4636,0.0289
311.0000,0.0012,0.6672,0.3078,0.0194,0.0043
312.0000,0.0051,0.1999,0.7292,0.0574,0.0084
313.0000,0.0401,0.3890,0.5055,0.0593,0.0062
314.0000,0.0050,0.4614,0.4741,0.0531,0.0064
315.0000,0.0047,0.4285,0.3100,0.1844,0.0723
316.0000,0.0017,0.7831,0.1970,0.0143,0.0038
317.0000,0.0127,0.1365,0.7268,0.1063,0.0177
318.0000,0.0014,0.5746,0.4017,0.0184,0.0038
319.0000,0.0096,0.2222,0.6022,0.1286,0.0374
320.0000,0.0019,0.2928,0.6605,0.0392,0.0057
321.0000,0.0025,0.1716,0.6972,0.1140,0.0147
322.0000,0.0035,0.2001,0.7424,0.0490,0.0051
323.0000,0.0016,0.5359,0.3968,0.0543,0.0114
324.0000,0.0353,0.1656,0.2878,0.4591,0.0522
325.0000,0.0012,0.5004,0.4491,0.0387,0.0105
326.0000,0.0032,0.6942,0.2219,0.0601,0.0205
327.0000,0.0021,0.6998,0.2590,0.0350,0.0042
328.0000,0.0061,0.4298,0.5135,0.0458,0.0049
329.0000,0.0093,0.2770,0.6545,0.0535,0.0057
330.0000,0.0019,0.8135,0.1611,0.0192,0.0043
331.0000,0.0122,0.3115,0.5794,0.0793,0.0176
332.0000,0.0014,0.2976,0.6581,0.0386,0.0043
333.0000,0.0019,0.6520,0.3112,0.0302,0.0047
334.0000,0.0118,0.0048,0.0678,0.5054,0.4103
335.0000,0.0016,0.6191,0.3541,0.0206,0.0046
336.0000,0.0016,0.4907,0.4696,0.0337,0.0045
337.0000,0.0019,0.5379,0.4364,0.0205,0.0033
338.0000,0.0158,0.2016,0.6577,0.1092,0.0156
339.0000,0.0027,0.8336,0.1355,0.0224,0.0057
340.0000,0.0109,0.2507,0.6330,0.0968,0.0085
341.0000,0.0041,0.3876,0.5722,0.0318,0.0042
342.0000,0.0015,0.8729,0.1062,0.0143,0.0050
343.0000,0.0033,0.4818,0.4471,0.0602,0.0075
344.0000,0.0021,0.6809,0.2510,0.0561,0.0099
345.0000,0.0072,0.1414,0.7680,0.0735,0.0098
346.0000,0.0074,0.4490,0.3436,0.1736,0.0264
347.0000,0.0060,0.0029,0.0271,0.3186,0.6454
348.0000,0.0025,0.7749,0.1940,0.0231,0.0055
349.0000,0.0019,0.1494,0.7644,0.0773,0.0070
350.0000,0.0244,0.6784,0.1671,0.0831,0.0470
351.0000,0.0064,0.0944,0.5893,0.2527,0.0572
352.0000,0.0013,0.7231,0.2492,0.0226,0.0038
353.0000,0.0015,0.6083,0.3694,0.0173,0.0035
354.0000,0.0123,0.0053,0.0607,0.2850,0.6368
355.0000,0.0020,0.3756,0.5601,0.0564,0.0059
356.0000,0.0339,0.0304,0.4032,0.4482,0.0843
357.0000,0.0089,0.7181,0.2338,0.0324,0.0069
358.0000,0.0039,0.7691,0.2013,0.0215,0.0042
359.0000,0.0026,0.8787,0.0975,0.0161,0.0051
360.0000,0.0014,0.9363,0.0476,0.0102,0.0045
361.0000,0.0022,0.7864,0.1916,0.0159,0.0040
362.0000,0.0365,0.5387,0.3519,0.0640,0.0090
363.0000,0.0015,0.9055,0.0767,0.0112,0.0050
364.0000,0.0208,0.1804,0.6213,0.1415,0.0360
365.0000,0.0021,0.6955,0.2852,0.0135,0.0038
366.0000,0.0022,0.5263,0.4284,0.0386,0.0046
367.0000,0.0079,0.0151,0.1403,0.2257,0.6110
368.0000,0.0055,0.6329,0.3301,0.0274,0.0041
369.0000,0.0018,0.8481,0.1305,0.0155,0.0041
370.0000,0.0035,0.4402,0.4545,0.0704,0.0314
371.0000,0.0058,0.3293,0.5790,0.0763,0.0097
372.0000,0.0037,0.6090,0.3182,0.0596,0.0096
373.0000,0.0018,0.7990,0.1773,0.0180,0.0040
374.0000,0.0087,0.6202,0.2136,0.1257,0.0318
375.0000,0.0350,0.2010,0.3426,0.2474,0.1740
376.0000,0.0111,0.1712,0.6646,0.1380,0.0151
377.0000,0.0040,0.4424,0.5320,0.0181,0.0035
378.0000,0.0065,0.1760,0.6369,0.1466,0.0340
379.0000,0.0077,0.1728,0.7077,0.1010,0.0109
380.0000,0.0067,0.0372,0.4615,0.3979,0.0967
381.0000,0.0030,0.2201,0.7358,0.0363,0.0048
382.0000,0.0240,0.0869,0.6125,0.2556,0.0211
383.0000,0.0022,0.4241,0.5392,0.0296,0.0050
384.0000,0.0526,0.0605,0.3967,0.4324,0.0578
385.0000,0.0019,0.7623,0.2037,0.0278,0.0043
386.0000,0.0225,0.0340,0.3485,0.4614,0.1335
387.0000,0.0094,0.0276,0.3822,0.4222,0.1587
388.0000,0.0082,0.0177,0.5671,0.3683,0.0386
389.0000,0.0209,0.0878,0.6572,0.1787,0.0554
390.0000,0.0171,0.1383,0.7613,0.0698,0.0135
391.0000,0.0161,0.2151,0.2597,0.2624,0.2466
392.0000,0.0239,0.0586,0.6346,0.2719,0.0111
393.0000,0.0053,0.1860,0.5698,0.2052,0.0337
394.0000,0.0014,0.8046,0.1748,0.0153,0.0039
395.0000,0.0124,0.0532,0.0732,0.4389,0.4224
396.0000,0.0021,0.7591,0.1835,0.0470,0.0082
397.0000,0.0031,0.5323,0.3785,0.0590,0.0271
398.0000,0.0014,0.6777,0.2836,0.0320,0.0054
399.0000,0.0048,0.1684,0.3372,0.2683,0.2213
400.0000,0.0019,0.6665,0.2745,0.0378,0.0194
401.0000,0.0069,0.1882,0.6500,0.1280,0.0269
402.0000,0.0014,0.5984,0.3579,0.0358,0.0065
403.0000,0.0037,0.4982,0.4711,0.0234,0.0036
404.0000,0.0022,0.6258,0.2382,0.0775,0.0563
405.0000,0.0019,0.4386,0.4571,0.0606,0.0418
406.0000,0.0059,0.4239,0.4858,0.0774,0.0070
407.0000,0.0018,0.3260,0.5899,0.0742,0.0081
408.0000,0.0056,0.0243,0.3203,0.6021,0.0477
409.0000,0.0030,0.2343,0.7239,0.0345,0.0043
410.0000,0.0015,0.8686,0.1094,0.0162,0.0043
411.0000,0.0021,0.6685,0.2731,0.0438,0.0125
412.0000,0.0237,0.0162,0.0838,0.5093,0.3670
413.0000,0.0015,0.8308,0.1379,0.0255,0.0043
414.0000,0.0048,0.1589,0.4115,0.3818,0.0429
415.0000,0.0310,0.1578,0.4556,0.1331,0.2226
416.0000,0.0016,0.4074,0.5470,0.0387,0.0053
417.0000,0.0031,0.0382,0.4219,0.5057,0.0310
418.0000,0.0014,0.7708,0.1944,0.0273,0.0060
419.0000,0.0233,0.0772,0.3656,0.4814,0.0525
420.0000,0.0026,0.2042,0.5360,0.1334,0.1237
421.0000,0.0061,0.3720,0.4537,0.0822,0.0859
422.0000,0.0043,0.1699,0.6869,0.1278,0.0111
423.0000,0.0022,0.5196,0.4571,0.0177,0.0034
424.0000,0.0075,0.3465,0.5388,0.1008,0.0064
425.0000,0.0261,0.1658,0.3792,0.4118,0.0172
426.0000,0.0023,0.5181,0.3726,0.0718,0.0351
427.0000,0.0017,0.5750,0.3869,0.0322,0.0041
428.0000,0.0013,0.7045,0.2726,0.0179,0.0038
429.0000,0.0089,0.1845,0.3992,0.2249,0.1825
430.0000,0.0014,0.7344,0.2382,0.0202,0.0057
431.0000,0.0014,0.7518,0.2171,0.0244,0.0052
432.0000,0.0086,0.0163,0.5546,0.3885,0.0321
433.0000,0.0252,0.1029,0.3860,0.1940,0.2920
434.0000,0.0015,0.8827,0.0946,0.0166,0.0045
435.0000,0.0084,0.1828,0.6784,0.1118,0.0187
436.0000,0.0031,0.2721,0.6539,0.0628,0.0081
437.0000,0.0426,0.0538,0.1544,0.2133,0.5359
438.0000,0.0024,0.7445,0.2268,0.0226,0.0038
439.0000,0.0019,0.2314,0.4854,0.1718,0.1095
440.0000,0.0025,0.5463,0.3409,0.0954,0.0148
441.0000,0.0017,0.4886,0.4535,0.0511,0.0051
442.0000,0.0197,0.1786,0.4144,0.2612,0.1261
443.0000,0.0021,0.5247,0.4528,0.0169,0.0034
444.0000,0.0199,0.2555,0.6452,0.0703,0.0091
445.0000,0.0021,0.6323,0.3425,0.0194,0.0036
446.0000,0.0027,0.7302,0.2198,0.0342,0.0131
447.0000,0.0551,0.0106,0.1629,0.7208,0.0506
448.0000,0.0293,0.0100,0.2046,0.4967,0.2594
449.0000,0.0057,0.5289,0.4221,0.0393,0.0040
450.0000,0.0016,0.5555,0.4000,0.0371,0.0058
451.0000,0.0015,0.7588,0.2063,0.0275,0.0059
452.0000,0.0114,0.1710,0.5140,0.2163,0.0874
453.0000,0.0041,0.1781,0.7344,0.0756,0.0078
454.0000,0.0022,0.3934,0.5209,0.0753,0.0082
455.0000,0.0054,0.4248,0.3871,0.0831,0.0996
456.0000,0.0014,0.6342,0.3233,0.0322,0.0089
457.0000,0.0436,0.4125,0.5094,0.0300,0.0045
458.0000,0.0149,0.1331,0.6616,0.1820,0.0084
459.0000,0.0015,0.7818,0.1820,0.0291,0.0055
460.0000,0.0019,0.4933,0.3667,0.0606,0.0774
461.0000,0.0203,0.1409,0.5968,0.2045,0.0376
462.0000,0.0013,0.6654,0.3137,0.0156,0.0040
463.0000,0.0014,0.5482,0.4324,0.0148,0.0032
464.0000,0.0016,0.5791,0.3336,0.0715,0.0142
465.0000,0.0022,0.4660,0.4107,0.0758,0.0453
466.0000,0.0013,0.5034,0.4646,0.0270,0.0037
467.0000,0.0011,0.4947,0.4724,0.0284,0.0034
468.0000,0.0054,0.2569,0.6418,0.0885,0.0073
469.0000,0.0013,0.6669,0.3114,0.0171,0.0034
470.0000,0.0063,0.2615,0.6911,0.0357,0.0054
471.0000,0.0048,0.0151,0.1003,0.5682,0.3116
472.0000,0.0017,0.6567,0.3191,0.0187,0.0038
473.0000,0.0037,0.5827,0.2961,0.0741,0.0435
474.0000,0.0023,0.1823,0.7563,0.0529,0.0061
475.0000,0.0012,0.4294,0.5327,0.0319,0.0048
476.0000,0.0028,0.8731,0.1051,0.0139,0.0050
477.0000,0.0033,0.1758,0.6874,0.1160,0.0175
478.0000,0.0015,0.9163,0.0591,0.0178,0.0052
479.0000,0.0063,0.1815,0.7337,0.0695,0.0090
480.0000,0.0032,0.0440,0.3990,0.5052,0.0487
481.0000,0.0091,0.1999,0.6520,0.1275,0.0115
482.0000,0.0081,0.2556,0.6830,0.0472,0.0061
483.0000,0.0025,0.5593,0.4083,0.0247,0.0052
484.0000,0.0056,0.0033,0.0313,0.2421,0.7177
485.0000,0.0014,0.5488,0.4242,0.0223,0.0033
486.0000,0.0060,0.4803,0.4353,0.0670,0.0115
487.0000,0.0016,0.5500,0.4148,0.0295,0.0040
488.0000,0.0136,0.1856,0.7325,0.0597,0.0086
489.0000,0.0014,0.5591,0.4206,0.0156,0.0034
490.0000,0.0016,0.8549,0.1256,0.0137,0.0042
491.0000,0.0057,0.4041,0.5623,0.0235,0.0044
492.0000,0.0024,0.2635,0.6701,0.0579,0.0062
493.0000,0.0149,0.1549,0.3853,0.3782,0.0668
494.0000,0.0303,0.0489,0.2020,0.4462,0.2726
495.0000,0.0167,0.0337,0.3539,0.5345,0.0612
496.0000,0.0042,0.1991,0.6491,0.1112,0.0364
497.0000,0.0019,0.5294,0.4127,0.0498,0.0062
498.0000,0.0025,0.8138,0.1538,0.0245,0.0054
499.0000,0.0043,0.3058,0.6419,0.0436,0.0044
500.0000,0.0216,0.0547,0.5881,0.3246,0.0110
501.0000,0.0042,0.7083,0.2681,0.0158,0.0036
502.0000,0.0041,0.0398,0.5312,0.3892,0.0357
503.0000,0.1960,0.0680,0.5479,0.1491,0.0389
504.0000,0.0014,0.5681,0.4096,0.0175,0.0034
505.0000,0.0016,0.4533,0.4925,0.0478,0.0049
506.0000,0.0016,0.3767,0.5702,0.0470,0.0044
507.0000,0.0015,0.8484,0.1289,0.0169,0.0044
508.0000,0.0025,0.7446,0.2288,0.0198,0.0044
509.0000,0.0026,0.7176,0.2559,0.0200,0.0038
510.0000,0.0265,0.2931,0.4529,0.1683,0.0591
511.0000,0.0034,0.7117,0.2597,0.0214,0.0038
512.0000,0.0233,0.1011,0.6038,0.2174,0.0545
513.0000,0.0035,0.4744,0.4884,0.0301,0.0037
514.0000,0.0023,0.2946,0.5444,0.1377,0.0210
515.0000,0.0051,0.0201,0.2061,0.2684,0.5002
516.0000,0.0026,0.5407,0.4147,0.0362,0.0058
517.0000,0.0023,0.2145,0.7465,0.0321,0.0046
518.0000,0.0022,0.7406,0.2300,0.0232,0.0040
519.0000,0.0066,0.6802,0.2914,0.0176,0.0042
520.0000,0.0023,0.4633,0.4721,0.0567,0.0055
521.0000,0.0020,0.2097,0.7409,0.0425,0.0049
522.0000,0.0023,0.6078,0.3734,0.0128,0.0037
523.0000,0.0060,0.3070,0.6475,0.0342,0.0053
524.0000,0.0060,0.3930,0.4115,0.1813,0.0082
525.0000,0.0397,0.5802,0.1836,0.1587,0.0378
526.0000,0.0013,0.7282,0.2520,0.0149,0.0036
527.0000,0.0021,0.4623,0.4898,0.0411,0.0048
528.0000,0.0022,0.2795,0.6225,0.0886,0.0072
529.0000,0.0395,0.0331,0.0635,0.2794,0.5845
530.0000,0.0084,0.1273,0.6778,0.1578,0.0287
531.0000,0.0073,0.0515,0.4574,0.3865,0.0972
532.0000,0.0021,0.5141,0.4636,0.0165,0.0037
533.0000,0.0020,0.5120,0.4696,0.0133,0.0030
534.0000,0.0101,0.3331,0.4870,0.1301,0.0397
535.0000,0.0022,0.5031,0.4738,0.0178,0.0032
536.0000,0.0015,0.8867,0.0954,0.0125,0.0040
537.0000,0.0038,0.6506,0.3264,0.0157,0.0034
538.0000,0.0052,0.3712,0.5830,0.0364,0.0042
539.0000,0.0048,0.6855,0.2746,0.0305,0.0046
540.0000,0.0029,0.7331,0.2235,0.0337,0.0069
541.0000,0.0020,0.4425,0.4896,0.0577,0.0082
542.0000,0.0156,0.0910,0.5681,0.2438,0.0815
543.0000,0.0323,0.1936,0.2643,0.3893,0.1205
544.0000,0.0017,0.4030,0.5482,0.0419,0.0052
545.0000,0.0010,0.4991,0.4800,0.0166,0.0033
546.0000,0.0192,0.0373,0.3220,0.4851,0.1364
547.0000,0.0334,0.3915,0.1873,0.2728,0.1150
548.0000,0.0021,0.6007,0.3794,0.0144,0.0034
549.0000,0.0360,0.1014,0.1326,0.3352,0.3948
550.0000,0.0180,0.0051,0.1111,0.7141,0.1517
551.0000,0.0024,0.4195,0.5513,0.0230,0.0037
552.0000,0.0013,0.6689,0.3114,0.0148,0.0036
553.0000,0.0109,0.1400,0.7503,0.0910,0.0079
554.0000,0.0090,0.2293,0.5872,0.1575,0.0170
555.0000,0.0206,0.2299,0.6065,0.0995,0.0435
556.0000,0.0015,0.7267,0.2354,0.0323,0.0041
557.0000,0.0026,0.6208,0.3364,0.0359,0.0043
558.0000,0.0033,0.2233,0.6826,0.0798,0.0109
559.0000,0.0229,0.0543,0.4022,0.4321,0.0884
560.0000,0.0016,0.9037,0.0787,0.0118,0.0042
561.0000,0.0078,0.2058,0.7221,0.0576,0.0067
562.0000,0.0086,0.2162,0.7043,0.0617,0.0092
563.0000,0.0063,0.4001,0.5504,0.0384,0.0048
564.0000,0.0038,0.8056,0.1704,0.0160,0.0041
565.0000,0.0014,0.9020,0.0822,0.0107,0.0037
566.0000,0.0015,0.9334,0.0485,0.0112,0.0054
567.0000,0.0055,0.5429,0.3509,0.0683,0.0324
568.0000,0.0014,0.7656,0.2128,0.0162,0.0039
569.0000,0.0016,0.8817,0.0999,0.0122,0.0045
570.0000,0.0019,0.8838,0.0942,0.0157,0.0045
571.0000,0.0018,0.4084,0.5547,0.0311,0.0041
572.0000,0.0017,0.5622,0.3886,0.0400,0.0075
573.0000,0.0052,0.4963,0.4686,0.0266,0.0033
574.0000,0.0025,0.4430,0.4557,0.0677,0.0311
575.0000,0.0051,0.1892,0.7423,0.0563,0.0072
576.0000,0.0066,0.5185,0.4195,0.0506,0.0049
577.0000,0.0015,0.8536,0.1254,0.0152,0.0043
578.0000,0.0045,0.3116,0.6149,0.0625,0.0066
579.0000,0.0081,0.0123,0.2839,0.6516,0.0442
580.0000,0.0050,0.1103,0.3072,0.5400,0.0375
581.0000,0.0214,0.3192,0.3134,0.2245,0.1216
582.0000,0.0197,0.4816,0.2447,0.1647,0.0894
583.0000,0.0027,0.2396,0.7076,0.0452,0.0049
584.0000,0.0086,0.1818,0.6391,0.1588,0.0116
585.0000,0.0031,0.0140,0.4353,0.5079,0.0397
586.0000,0.0080,0.4646,0.4861,0.0369,0.0043
587.0000,0.0068,0.5963,0.3076,0.0491,0.0402
588.0000,0.0014,0.8149,0.1634,0.0159,0.0043
589.0000,0.0024,0.6436,0.3341,0.0163,0.0037
590.0000,0.0055,0.0431,0.0460,0.1496,0.7558
591.0000,0.0034,0.5604,0.2791,0.0755,0.0816
592.0000,0.0086,0.1473,0.6121,0.1586,0.0734
593.0000,0.0029,0.5979,0.3091,0.0523,0.0379
594.0000,0.0073,0.1058,0.5593,0.3108,0.0167
595.0000,0.0543,0.2458,0.4758,0.1871,0.0370
596.0000,0.0119,0.2441,0.4311,0.1328,0.1801
597.0000,0.0015,0.8298,0.1500,0.0146,0.0041
598.0000,0.0392,0.0137,0.1367,0.2994,0.5110
599.0000,0.0063,0.0361,0.3855,0.5250,0.0471
600.0000,0.0022,0.5413,0.4177,0.0339,0.0050
601.0000,0.0148,0.4505,0.4734,0.0539,0.0074
602.0000,0.0075,0.3375,0.5753,0.0642,0.0156
603.0000,0.0087,0.2407,0.5425,0.1386,0.0695
604.0000,0.0046,0.5217,0.4571,0.0136,0.0031
605.0000,0.3257,0.1862,0.2559,0.1738,0.0584
606.0000,0.0389,0.2150,0.1738,0.4881,0.0842
607.0000,0.0020,0.8501,0.1134,0.0287,0.0058
608.0000,0.0023,0.5475,0.4164,0.0289,0.0049
609.0000,0.0025,0.5940,0.3562,0.0409,0.0064
610.0000,0.0016,0.7360,0.2163,0.0414,0.0048
611.0000,0.0016,0.5553,0.4027,0.0353,0.0052
612.0000,0.0013,0.6713,0.3049,0.0189,0.0037
613.0000,0.0563,0.3936,0.3685,0.1100,0.0717
614.0000,0.0051,0.1736,0.6061,0.1973,0.0179
615.0000,0.0015,0.8530,0.1254,0.0157,0.0044
616.0000,0.0062,0.1046,0.6544,0.2225,0.0123
617.0000,0.0115,0.2044,0.4961,0.1384,0.1497
618.0000,0.0017,0.9185,0.0602,0.0146,0.0050
619.0000,0.0190,0.1309,0.6627,0.1761,0.0114
620.0000,0.0140,0.0766,0.5937,0.1718,0.1439
621.0000,0.0015,0.8053,0.1719,0.0173,0.0040
622.0000,0.0037,0.4764,0.4905,0.0260,0.0034
623.0000,0.0020,0.2493,0.6924,0.0485,0.0078
624.0000,0.0031,0.6464,0.2874,0.0560,0.0071
625.0000,0.0013,0.7080,0.2731,0.0139,0.0037
626.0000,0.0072,0.4955,0.4228,0.0619,0.0126
627.0000,0.0049,0.5018,0.2733,0.1346,0.0854
628.0000,0.0017,0.6728,0.3080,0.0137,0.0038
629.0000,0.0015,0.6688,0.3075,0.0186,0.0037
630.0000,0.0038,0.4415,0.4871,0.0597,0.0079
631.0000,0.0016,0.1999,0.7525,0.0400,0.0060
632.0000,0.0022,0.6466,0.3287,0.0185,0.0039
633.0000,0.0028,0.1396,0.6422,0.1830,0.0324
634.0000,0.0272,0.3278,0.6066,0.0337,0.0046
635.0000,0.0024,0.3178,0.6490,0.0269,0.0039
636.0000,0.0013,0.5034,0.4742,0.0178,0.0033
637.0000,0.0025,0.8782,0.0796,0.0329,0.0068
638.0000,0.0016,0.7045,0.2467,0.0424,0.0048
639.0000,0.0034,0.2602,0.6733,0.0572,0.0060
640.0000,0.0058,0.3367,0.6204,0.0328,0.0044
641.0000,0.0145,0.2027,0.7095,0.0664,0.0069
642.0000,0.0025,0.3688,0.5851,0.0390,0.0046
643.0000,0.0013,0.6270,0.3497,0.0179,0.0041
644.0000,0.0021,0.5826,0.3979,0.0140,0.0034
645.0000,0.0015,0.8486,0.1289,0.0166,0.0044
646.0000,0.0226,0.0414,0.1377,0.6509,0.1474
647.0000,0.0015,0.9214,0.0598,0.0128,0.0046
648.0000,0.0018,0.3477,0.6081,0.0376,0.0048
649.0000,0.0062,0.4106,0.5442,0.0352,0.0039
650.0000,0.0070,0.0448,0.5142,0.4021,0.0317
651.0000,0.0016,0.5991,0.3765,0.0188,0.0040
652.0000,0.0333,0.4939,0.3087,0.1255,0.0386
653.0000,0.0021,0.7481,0.2071,0.0300,0.0128
654.0000,0.0016,0.8696,0.1087,0.0155,0.0045
655.0000,0.0061,0.2073,0.5679,0.1681,0.0506
656.0000,0.0230,0.0452,0.4041,0.3643,0.1634
657.0000,0.0013,0.6909,0.2849,0.0190,0.0039
658.0000,0.0025,0.4771,0.4882,0.0285,0.0037
659.0000,0.0024,0.5335,0.4229,0.0364,0.0048
660.0000,0.0013,0.7059,0.2736,0.0156,0.0036
661.0000,0.0028,0.5466,0.4138,0.0327,0.0041
662.0000,0.0028,0.2083,0.7307,0.0531,0.0052
663.0000,0.0017,0.4979,0.4570,0.0374,0.0060
664.0000,0.0015,0.9647,0.0186,0.0101,0.0050
665.0000,0.0027,0.3380,0.6159,0.0390,0.0044
666.0000,0.0016,0.8670,0.1117,0.0150,0.0047
667.0000,0.0019,0.8692,0.1064,0.0179,0.0046
668.0000,0.0029,0.5912,0.3568,0.0435,0.0057
669.0000,0.0059,0.2576,0.6661,0.0635,0.0069
670.0000,0.0017,0.6826,0.2898,0.0223,0.0037
671.0000,0.0044,0.6839,0.2790,0.0290,0.0038
672.0000,0.0087,0.1802,0.7045,0.0969,0.0097
673.0000,0.0053,0.5137,0.4332,0.0343,0.0135
674.0000,0.0339,0.5451,0.3455,0.0684,0.0071
675.0000,0.0030,0.0397,0.1893,0.4421,0.3259
676.0000,0.0014,0.9254,0.0581,0.0113,0.0037
677.0000,0.0040,0.5304,0.4473,0.0151,0.0032
678.0000,0.0060,0.1810,0.6851,0.1165,0.0114
679.0000,0.0293,0.5509,0.3368,0.0681,0.0149
680.0000,0.0020,0.4545,0.4511,0.0832,0.0092
681.0000,0.0364,0.1836,0.5137,0.2245,0.0418
682.0000,0.0027,0.5222,0.3783,0.0608,0.0360
683.0000,0.0020,0.5001,0.4230,0.0572,0.0178
684.0000,0.0109,0.1872,0.7440,0.0523,0.0056
685.0000,0.0020,0.3903,0.5790,0.0249,0.0038
686.0000,0.0044,0.4496,0.4151,0.0850,0.0460
687.0000,0.0014,0.7409,0.2370,0.0169,0.0039
688.0000,0.0388,0.0553,0.4841,0.2812,0.1406
689.0000,0.0059,0.6761,0.2847,0.0296,0.0038
690.0000,0.0014,0.8862,0.0988,0.0101,0.0036
691.0000,0.0030,0.5234,0.4498,0.0204,0.0035
692.0000,0.4915,0.0225,0.3310,0.0844,0.0705
693.0000,0.0019,0.7837,0.1864,0.0235,0.0046
694.0000,0.0422,0.0848,0.3214,0.2941,0.2575
695.0000,0.0039,0.5578,0.4054,0.0289,0.0040
696.0000,0.0015,0.8130,0.1688,0.0127,0.0040
697.0000,0.0057,0.0179,0.0769,0.2207,0.6787
698.0000,0.0016,0.5143,0.4411,0.0391,0.0038
699.0000,0.0052,0.3391,0.4975,0.1316,0.0266
700.0000,0.0050,0.4739,0.4531,0.0608,0.0072
701.0000,0.0037,0.7057,0.2302,0.0546,0.0058
702.0000,0.0014,0.8025,0.1766,0.0154,0.0041
703.0000,0.0022,0.4202,0.4763,0.0869,0.0144
704.0000,0.0012,0.4174,0.5537,0.0238,0.0039
705.0000,0.0016,0.6468,0.3235,0.0237,0.0043
706.0000,0.0211,0.2819,0.4737,0.1766,0.0467
707.0000,0.0083,0.5196,0.3680,0.0735,0.0306
708.0000,0.0016,0.4585,0.4989,0.0372,0.0037
709.0000,0.0123,0.0283,0.3382,0.3171,0.3041
710.0000,0.0092,0.1694,0.4687,0.3371,0.0157
711.0000,0.0015,0.5811,0.3994,0.0142,0.0038
712.0000,0.0056,0.2610,0.6842,0.0441,0.0051
713.0000,0.0054,0.1812,0.1878,0.3538,0.2718
714.0000,0.0096,0.1800,0.6893,0.0810,0.0401
715.0000,0.0016,0.7339,0.2451,0.0156,0.0038
716.0000,0.0019,0.4807,0.4845,0.0296,0.0033
717.0000,0.0064,0.0152,0.1365,0.7584,0.0836
718.0000,0.0076,0.5151,0.4059,0.0595,0.0119
719.0000,0.0027,0.6872,0.2675,0.0373,0.0053
720.0000,0.0073,0.6160,0.3449,0.0266,0.0053
721.0000,0.0013,0.5268,0.4492,0.0186,0.0041
722.0000,0.0012,0.6150,0.3632,0.0173,0.0034
723.0000,0.0013,0.5399,0.4340,0.0211,0.0036
724.0000,0.0117,0.0668,0.3369,0.5156,0.0691
725.0000,0.0054,0.5523,0.4200,0.0187,0.0036
726.0000,0.0049,0.1799,0.1880,0.4997,0.1275
727.0000,0.0103,0.0524,0.7166,0.2091,0.0116
728.0000,0.0051,0.4611,0.4229,0.0933,0.0176
729.0000,0.0020,0.4389,0.5268,0.0286,0.0037
730.0000,0.0019,0.4840,0.4768,0.0334,0.0039
731.0000,0.0123,0.4664,0.4290,0.0840,0.0082
732.0000,0.0034,0.4865,0.4808,0.0261,0.0032
733.0000,0.0060,0.0045,0.0217,0.1146,0.8532
734.0000,0.0055,0.2203,0.5856,0.1349,0.0538
735.0000,0.0039,0.0522,0.5573,0.3705,0.0160
736.0000,0.0104,0.0577,0.6126,0.2787,0.0407
737.0000,0.0042,0.2502,0.6644,0.0665,0.0146
738.0000,0.0100,0.0984,0.5863,0.2648,0.0406
739.0000,0.0067,0.1825,0.5463,0.2348,0.0297
740.0000,0.0043,0.1347,0.6393,0.1887,0.0329
741.0000,0.0035,0.0669,0.7061,0.1662,0.0573
742.0000,0.0101,0.0147,0.2832,0.5487,0.1433
743.0000,0.0025,0.3395,0.6005,0.0516,0.0059
744.0000,0.0024,0.1716,0.6935,0.1089,0.0236
745.0000,0.0179,0.1689,0.6937,0.1117,0.0078
746.0000,0.0015,0.8041,0.1619,0.0280,0.0045
747.0000,0.0029,0.4177,0.5366,0.0383,0.0045
748.0000,0.0092,0.3406,0.5915,0.0499,0.0088
749.0000,0.0018,0.7408,0.2289,0.0247,0.0039
750.0000,0.0013,0.7337,0.2460,0.0153,0.0036
751.0000,0.0036,0.5504,0.3993,0.0418,0.0049
752.0000,0.0014,0.7235,0.2411,0.0299,0.0041
753.0000,0.0183,0.3299,0.4613,0.1601,0.0303
754.0000,0.0032,0.0406,0.6210,0.3004,0.0349
755.0000,0.0021,0.4129,0.5243,0.0530,0.0078
756.0000,0.0024,0.6831,0.2723,0.0362,0.0060
757.0000,0.0017,0.5448,0.4172,0.0312,0.0050
758.0000,0.0019,0.4402,0.4725,0.0616,0.0239
759.0000,0.0043,0.0024,0.0491,0.4964,0.4478
760.0000,0.0019,0.5908,0.3877,0.0159,0.0037
761.0000,0.0026,0.4748,0.4652,0.0467,0.0108
762.0000,0.0014,0.8471,0.1341,0.0137,0.0037
763.0000,0.0017,0.9119,0.0549,0.0189,0.0126
764.0000,0.0250,0.0521,0.5893,0.2769,0.0567
765.0000,0.0180,0.1364,0.4928,0.2354,0.1173
766.0000,0.0020,0.6710,0.2684,0.0466,0.0120
767.0000,0.0018,0.5026,0.3991,0.0575,0.0390
768.0000,0.0018,0.8084,0.1710,0.0148,0.0040
769.0000,0.0080,0.0026,0.1143,0.6659,0.2091
770.0000,0.0022,0.6163,0.3124,0.0610,0.0081
771.0000,0.0243,0.0574,0.5084,0.3177,0.0921
772.0000,0.0039,0.5846,0.2368,0.1379,0.0368
773.0000,0.0040,0.4093,0.4638,0.1100,0.0129
774.0000,0.0033,0.7756,0.1601,0.0335,0.0275
775.0000,0.0013,0.9348,0.0509,0.0096,0.0035
776.0000,0.0032,0.4459,0.4843,0.0594,0.0072
777.0000,0.0027,0.2279,0.7213,0.0430,0.0051
778.0000,0.0021,0.8775,0.0964,0.0176,0.0065
779.0000,0.0210,0.3151,0.1426,0.3992,0.1220
780.0000,0.0014,0.3506,0.6086,0.0347,0.0047
781.0000,0.0026,0.5785,0.3582,0.0462,0.0144
782.0000,0.0192,0.0349,0.4000,0.4305,0.1155
783.0000,0.0039,0.3939,0.5315,0.0623,0.0084
784.0000,0.0068,0.8137,0.1591,0.0164,0.0040
785.0000,0.0051,0.5331,0.3942,0.0522,0.0154
786.0000,0.0113,0.1912,0.3588,0.3233,0.1154
787.0000,0.0108,0.0793,0.4683,0.3246,0.1169
788.0000,0.0082,0.0038,0.0367,0.1126,0.8386
789.0000,0.0015,0.8911,0.0909,0.0121,0.0043
790.0000,0.0014,0.7668,0.2090,0.0185,0.0043
791.0000,0.9021,0.0259,0.0275,0.0274,0.0171
792.0000,0.2485,0.1917,0.4009,0.1301,0.0288
793.0000,0.0020,0.2108,0.7318,0.0500,0.0053
794.0000,0.0095,0.0245,0.2628,0.6753,0.0279
795.0000,0.0042,0.6433,0.2109,0.0880,0.0537
796.0000,0.0030,0.0047,0.0632,0.4761,0.4530
797.0000,0.0015,0.5730,0.3629,0.0495,0.0130
798.0000,0.0097,0.0178,0.1841,0.3585,0.4298
799.0000,0.0174,0.0178,0.0768,0.2176,0.6704
800.0000,0.0067,0.2016,0.4713,0.2326,0.0878
801.0000,0.0028,0.4728,0.4918,0.0283,0.0043
802.0000,0.0017,0.8175,0.1546,0.0208,0.0054
803.0000,0.0629,0.1010,0.3164,0.3134,0.2064
804.0000,0.0107,0.5407,0.3660,0.0715,0.0111
805.0000,0.0014,0.6849,0.2672,0.0347,0.0118
806.0000,0.0014,0.2441,0.7096,0.0402,0.0047
807.0000,0.0033,0.0189,0.3570,0.5826,0.0382
808.0000,0.0096,0.0569,0.2278,0.3457,0.3600
809.0000,0.0017,0.5070,0.4610,0.0269,0.0033
810.0000,0.0116,0.2228,0.5720,0.1277,0.0659
811.0000,0.0061,0.2579,0.6558,0.0710,0.0092
812.0000,0.0311,0.4435,0.3566,0.1381,0.0306
813.0000,0.0066,0.1155,0.4968,0.3432,0.0379
814.0000,0.0186,0.0032,0.0327,0.2297,0.7159
815.0000,0.0044,0.5646,0.3899,0.0363,0.0048
816.0000,0.0037,0.0154,0.0682,0.6746,0.2381
817.0000,0.0019,0.2090,0.7405,0.0435,0.0051
818.0000,0.0018,0.4940,0.4261,0.0646,0.0134
819.0000,0.0285,0.0955,0.3021,0.3611,0.2129
820.0000,0.0034,0.8604,0.1183,0.0135,0.0044
821.0000,0.0049,0.7140,0.1720,0.0766,0.0325
822.0000,0.0025,0.5612,0.3361,0.0733,0.0268
823.0000,0.0115,0.0531,0.0968,0.3493,0.4893
824.0000,0.0133,0.1209,0.5678,0.1974,0.1006
825.0000,0.0036,0.1159,0.5570,0.2948,0.0287
826.0000,0.0021,0.4984,0.4775,0.0186,0.0033
827.0000,0.0137,0.0121,0.0955,0.4376,0.4411
828.0000,0.0068,0.6869,0.2596,0.0417,0.0051
829.0000,0.0394,0.1208,0.5778,0.2441,0.0179
830.0000,0.0023,0.4963,0.4757,0.0212,0.0045
831.0000,0.0023,0.4696,0.4777,0.0387,0.0118
832.0000,0.2931,0.3914,0.1475,0.1369,0.0310
833.0000,0.0048,0.1364,0.6581,0.1790,0.0217
834.0000,0.0125,0.0034,0.0475,0.1710,0.7657
835.0000,0.0050,0.5152,0.4547,0.0213,0.0037
836.0000,0.0016,0.9592,0.0202,0.0132,0.0058
837.0000,0.0078,0.5560,0.3751,0.0482,0.0128
838.0000,0.0071,0.4945,0.4378,0.0548,0.0058
839.0000,0.0014,0.3991,0.5363,0.0513,0.0120
840.0000,0.0013,0.7105,0.2695,0.0150,0.0036
841.0000,0.0013,0.7768,0.2032,0.0151,0.0036
842.0000,0.0014,0.2775,0.6658,0.0500,0.0053
843.0000,0.0059,0.1411,0.5720,0.1852,0.0958
844.0000,0.0102,0.1886,0.5431,0.1905,0.0677
845.0000,0.0016,0.8425,0.1231,0.0262,0.0066
846.0000,0.0246,0.0405,0.8293,0.0952,0.0104
847.0000,0.0187,0.3193,0.3158,0.2835,0.0627
848.0000,0.0195,0.0128,0.1302,0.4656,0.3719
849.0000,0.0014,0.5622,0.4171,0.0160,0.0033
850.0000,0.0047,0.3144,0.6122,0.0622,0.0064
851.0000,0.0013,0.4417,0.5182,0.0346,0.0043
852.0000,0.0016,0.6887,0.2925,0.0132,0.0041
853.0000,0.0020,0.5920,0.3392,0.0588,0.0079
854.0000,0.0165,0.5937,0.3162,0.0691,0.0044
855.0000,0.0041,0.2370,0.7241,0.0305,0.0042
856.0000,0.0084,0.1948,0.5968,0.1692,0.0309
857.0000,0.0025,0.5103,0.4344,0.0465,0.0063
858.0000,0.0092,0.2155,0.6587,0.1068,0.0098
859.0000,0.3300,0.0303,0.0922,0.2791,0.2684
860.0000,0.0030,0.5858,0.3901,0.0175,0.0037
861.0000,0.0057,0.5066,0.4464,0.0364,0.0048
862.0000,0.0021,0.6231,0.3121,0.0384,0.0244
863.0000,0.0017,0.7482,0.2294,0.0168,0.0039
864.0000,0.0014,0.6123,0.3334,0.0467,0.0063
865.0000,0.0137,0.2085,0.6864,0.0748,0.0165
866.0000,0.0029,0.6078,0.3698,0.0157,0.0038
867.0000,0.0057,0.5730,0.3896,0.0273,0.0044
868.0000,0.0020,0.7140,0.2433,0.0343,0.0065
869.0000,0.0055,0.0026,0.0790,0.6721,0.2408
870.0000,0.1137,0.2591,0.3644,0.1482,0.1146
871.0000,0.0028,0.6945,0.2711,0.0272,0.0045
872.0000,0.0029,0.0046,0.0297,0.1176,0.8453
873.0000,0.0026,0.8763,0.0875,0.0267,0.0069
874.0000,0.0037,0.4252,0.4654,0.0757,0.0300
875.0000,0.0018,0.2590,0.6886,0.0458,0.0048
876.0000,0.0041,0.4563,0.4412,0.0861,0.0124
877.0000,0.0014,0.8424,0.1213,0.0274,0.0075
878.0000,0.0061,0.2295,0.6014,0.1525,0.0104
879.0000,0.4737,0.1076,0.1747,0.1745,0.0695
880.0000,0.0028,0.1703,0.5814,0.2292,0.0163
881.0000,0.0036,0.5799,0.3892,0.0232,0.0041
882.0000,0.0238,0.1751,0.5613,0.1872,0.0526
883.0000,0.0032,0.5103,0.4502,0.0324,0.0038
884.0000,0.0034,0.1354,0.7260,0.1259,0.0093
885.0000,0.0070,0.3231,0.2622,0.2443,0.1634
886.0000,0.0032,0.5549,0.3996,0.0368,0.0054
887.0000,0.0030,0.0763,0.5774,0.3099,0.0333
888.0000,0.0084,0.1977,0.5545,0.2100,0.0294
889.0000,0.0043,0.4997,0.3705,0.0763,0.0492
890.0000,0.0016,0.6400,0.3324,0.0221,0.0039
891.0000,0.0045,0.7581,0.2171,0.0164,0.0039
892.0000,0.0064,0.2108,0.6821,0.0925,0.0083
893.0000,0.0031,0.3182,0.5829,0.0703,0.0255
894.0000,0.0025,0.5908,0.3754,0.0270,0.0043
895.0000,0.0030,0.0058,0.1987,0.7376,0.0549
896.0000,0.0020,0.5122,0.4558,0.0256,0.0045
897.0000,0.0046,0.0452,0.3988,0.4682,0.0833
898.0000,0.0200,0.2652,0.4746,0.1507,0.0895
899.0000,0.0054,0.2451,0.7136,0.0317,0.0042
900.0000,0.0019,0.8311,0.1458,0.0171,0.0042
901.0000,0.0145,0.2142,0.5920,0.1311,0.0482
902.0000,0.0019,0.7647,0.2046,0.0234,0.0055
903.0000,0.0019,0.4715,0.4282,0.0653,0.0331
904.0000,0.0054,0.1852,0.7081,0.0922,0.0091
905.0000,0.0014,0.9060,0.0766,0.0120,0.0041
906.0000,0.0114,0.1880,0.7019,0.0916,0.0071
907.0000,0.0028,0.5444,0.3927,0.0470,0.0131
908.0000,0.0120,0.1892,0.4675,0.2696,0.0618
