id,no answer,very important,quite important,not important,not at all important
0,0.025,0.3086,0.4106,0.2298,0.026
1,0.0187,0.2432,0.6361,0.0985,0.0036
2,0.0161,0.1409,0.5815,0.2182,0.0432
3,0.0701,0.2034,0.5589,0.144,0.0236
4,0.0124,0.3125,0.6189,0.0542,0.002
5,0.0018,0.7358,0.2491,0.0118,0.0015
6,0.0009,0.5644,0.3916,0.039,0.004
7,0.0042,0.0114,0.2268,0.5548,0.2029
8,0.0061,0.4338,0.4817,0.0693,0.0091
9,0.0057,0.8208,0.1668,0.0065,0.0001
10,0.0062,0.4411,0.4726,0.0701,0.01
11,0.0042,0.0085,0.1814,0.5199,0.286
12,0.0135,0.7212,0.2555,0.0096,0.0003
13,0.003,0.6683,0.3097,0.0181,0.0009
14,0.0062,0.2627,0.5353,0.1633,0.0325
15,0.0072,0.7236,0.2521,0.0165,0.0006
16,0.0373,0.3718,0.5381,0.0506,0.0022
17,0.0005,0.0035,0.1233,0.4911,0.3815
18,0.0118,0.2652,0.6065,0.1122,0.0043
19,0.0006,0.7151,0.2623,0.0185,0.0035
20,0.0297,0.7373,0.1725,0.0513,0.0092
21,0.0002,0.8233,0.1723,0.004,0.0001
22,0.0114,0.4602,0.4588,0.0607,0.0089
23,0.004,0.2443,0.6462,0.0905,0.0149
24,0.037,0.5172,0.3785,0.0626,0.0046
25,0.0158,0.4582,0.4668,0.057,0.0022
26,0.0126,0.7619,0.2088,0.0156,0.0011
27,0.009,0.2636,0.4903,0.1956,0.0415
28,0.0114,0.5246,0.4016,0.0586,0.0038
29,0.0903,0.5877,0.3156,0.0064,0
30,0.0054,0.044,0.1996,0.5956,0.1553
31,0.0015,0.6745,0.3075,0.016,0.0005
32,0.0004,0.8421,0.1533,0.0041,0.0001
33,0.02,0.3435,0.499,0.1214,0.0161
34,0.0028,0.7825,0.2072,0.0074,0.0002
35,0.0185,0.1007,0.2445,0.2143,0.422
36,0.0026,0.6208,0.3515,0.0238,0.0014
37,0.0053,0.8631,0.1262,0.0052,0.0001
38,0.0024,0.5426,0.4237,0.0301,0.0012
39,0.0045,0.694,0.2751,0.0247,0.0017
40,0.0021,0.7202,0.2684,0.0088,0.0005
41,0.0106,0.0563,0.3718,0.3308,0.2304
42,0.0013,0.7336,0.1941,0.0418,0.0291
43,0.0044,0.6564,0.3189,0.0193,0.001
44,0.0045,0.6804,0.2881,0.0247,0.0023
45,0.0185,0.2187,0.5856,0.1408,0.0363
46,0.0041,0.587,0.3795,0.0284,0.001
47,0.0009,0.5127,0.4681,0.0172,0.0011
48,0.0006,0.456,0.4957,0.0445,0.0032
49,0.0371,0.5998,0.3469,0.016,0.0003
50,0.0136,0.688,0.2793,0.0184,0.0007
51,0.0019,0.3426,0.4956,0.1285,0.0314
52,0.003,0.7324,0.2457,0.0174,0.0014
53,0.0098,0.1307,0.6445,0.1913,0.0236
54,0.0008,0.4702,0.4583,0.0566,0.0141
55,0.0013,0.77,0.215,0.0132,0.0005
56,0.0108,0.5032,0.4127,0.0695,0.0039
57,0.0011,0.6714,0.2984,0.0275,0.0016
58,0.0062,0.2081,0.5362,0.1863,0.0633
59,0.0051,0.5774,0.3679,0.0469,0.0027
60,0.0002,0.9304,0.0683,0.0011,0
61,0.004,0.084,0.5304,0.3133,0.0682
62,0.0042,0.1903,0.634,0.1527,0.0188
63,0.004,0.4925,0.4508,0.048,0.0046
64,0.0012,0.5356,0.3898,0.0677,0.0056
65,0.0162,0.3997,0.4887,0.092,0.0034
66,0.0181,0.2513,0.5306,0.1699,0.0301
67,0.027,0.2753,0.496,0.1943,0.0075
68,0.0074,0.4873,0.4465,0.0539,0.005
69,0.0126,0.1669,0.5123,0.276,0.0323
70,0.0008,0.7814,0.1859,0.0287,0.0032
71,0.0046,0.5419,0.3926,0.0534,0.0075
72,0.0083,0.6578,0.3228,0.011,0.0002
73,0.0074,0.2632,0.5834,0.1295,0.0164
74,0.0027,0.593,0.3539,0.0455,0.005
75,0.0345,0.4111,0.4675,0.0851,0.0017
76,0.0044,0.8326,0.1587,0.0042,0.0001
77,0.0101,0.3746,0.5343,0.0738,0.0073
78,0.0022,0.8484,0.1446,0.0048,0.0001
79,0.0199,0.662,0.2933,0.0236,0.0013
80,0.0009,0.4591,0.4748,0.0616,0.0036
81,0.0007,0.8028,0.1912,0.0052,0.0002
82,0.0029,0.4579,0.4234,0.0947,0.021
83,0.0193,0.9133,0.0657,0.0017,0.0001
84,0.0463,0.4591,0.2491,0.2124,0.0331
85,0.0005,0.576,0.3564,0.0553,0.0118
86,0.0063,0.6084,0.3648,0.0196,0.0008
87,0.0007,0.8547,0.14,0.0045,0.0001
88,0.0043,0.0258,0.3015,0.5374,0.131
89,0.007,0.4299,0.3416,0.1954,0.0261
90,0.0002,0.4682,0.5104,0.0209,0.0003
91,0.0032,0.2357,0.6122,0.1308,0.0181
92,0.0045,0.248,0.4909,0.2271,0.0294
93,0.0763,0.3392,0.3724,0.1799,0.0321
94,0.0069,0.5381,0.3836,0.0538,0.0176
95,0.0003,0.678,0.3143,0.0071,0.0003
96,0.0049,0.1642,0.3356,0.3674,0.1279
97,0.0031,0.4483,0.4941,0.0516,0.0029
98,0.0012,0.036,0.256,0.4412,0.2656
99,0.0086,0.5385,0.4177,0.0335,0.0016
100,0.0018,0.766,0.2246,0.0073,0.0004
101,0.0247,0.24,0.5606,0.1481,0.0266
102,0.0085,0.2593,0.4405,0.2504,0.0412
103,0.004,0.0332,0.2295,0.5348,0.1986
104,0.0033,0.0035,0.0387,0.3566,0.5978
105,0.001,0.9299,0.0673,0.0018,0
106,0.0097,0.3437,0.5051,0.1098,0.0317
107,0.0017,0.7357,0.2568,0.0057,0.0001
108,0.0033,0.6062,0.3675,0.0207,0.0023
109,0.0094,0.3284,0.5457,0.1011,0.0154
110,0.0009,0.3221,0.5871,0.0815,0.0084
111,0.0016,0.7927,0.198,0.0073,0.0004
112,0.0024,0.4035,0.5611,0.0317,0.0013
113,0.0023,0.1746,0.7282,0.0845,0.0105
114,0.0075,0.3236,0.5041,0.151,0.0138
115,0.0009,0.7924,0.2008,0.0059,0.0001
116,0.0097,0.0324,0.374,0.4494,0.1345
117,0.006,0.0712,0.4386,0.3987,0.0856
118,0.002,0.5668,0.337,0.0865,0.0077
119,0.0028,0.0254,0.2987,0.3779,0.2952
120,0.0016,0.7207,0.2726,0.0047,0.0004
121,0.0175,0.3303,0.5914,0.0584,0.0024
122,0.0046,0.0146,0.1485,0.528,0.3043
123,0.0122,0.056,0.5607,0.3334,0.0376
124,0.0045,0.1797,0.4745,0.2629,0.0785
125,0.0014,0.7229,0.2476,0.025,0.0031
126,0.0089,0.1722,0.4476,0.3241,0.0472
127,0.0011,0.7064,0.2676,0.0234,0.0015
128,0.0006,0.7897,0.1943,0.014,0.0015
129,0.0079,0.206,0.6604,0.1177,0.008
130,0.0021,0.1206,0.6317,0.2025,0.043
131,0.0065,0.1664,0.5624,0.1659,0.0987
132,0.0031,0.5931,0.3915,0.0119,0.0004
133,0.0073,0.3442,0.4062,0.2124,0.0298
134,0.0035,0.6651,0.2744,0.0411,0.0159
135,0.0032,0.4825,0.491,0.0218,0.0016
136,0.0729,0.1788,0.3028,0.2539,0.1915
137,0.009,0.3179,0.6175,0.0529,0.0027
138,0.0814,0.0222,0.165,0.4469,0.2845
139,0.0241,0.2954,0.4633,0.1828,0.0344
140,0.0023,0.3038,0.6371,0.0521,0.0047
141,0.0144,0.494,0.4005,0.0805,0.0107
142,0.0006,0.5435,0.418,0.0349,0.0029
143,0.0398,0.408,0.4737,0.0688,0.0098
144,0.0014,0.5268,0.4555,0.0162,0.0001
145,0.0108,0.0451,0.4174,0.4239,0.1029
146,0.0013,0.3106,0.5438,0.1171,0.0273
147,0.0303,0.2769,0.5741,0.1069,0.0118
148,0.0225,0.154,0.5282,0.2536,0.0417
149,0.0004,0.6121,0.3653,0.0216,0.0006
150,0.0851,0.0394,0.2376,0.5749,0.0631
151,0.0052,0.0607,0.278,0.3366,0.3195
152,0.0012,0.7315,0.2584,0.0083,0.0006
153,0.0101,0.5221,0.4451,0.0216,0.0011
154,0.0017,0.7818,0.2114,0.005,0.0001
155,0.0046,0.0675,0.2668,0.572,0.0891
156,0.0028,0.2023,0.6582,0.1109,0.0258
157,0.0012,0.7785,0.2119,0.0081,0.0003
158,0.0035,0.0943,0.6884,0.1793,0.0345
159,0.028,0.0224,0.2863,0.4813,0.1819
160,0.0041,0.6786,0.3053,0.0119,0.0001
161,0.0028,0.8232,0.1702,0.0038,0
162,0.0059,0.0094,0.1281,0.2188,0.6378
163,0.0014,0.4222,0.5491,0.0259,0.0015
164,0.0072,0.6998,0.2842,0.0087,0.0001
165,0.0018,0.5137,0.4421,0.0401,0.0023
166,0.0025,0.4018,0.5066,0.0772,0.0119
167,0.0007,0.7082,0.2772,0.0126,0.0012
168,0.0093,0.4966,0.4727,0.0205,0.0008
169,0.0005,0.416,0.5039,0.0693,0.0103
170,0.0007,0.7217,0.259,0.0183,0.0003
171,0.0012,0.4811,0.4451,0.0681,0.0046
172,0.0087,0.259,0.5883,0.1298,0.0142
173,0.0081,0.2848,0.587,0.1058,0.0143
174,0.0061,0.1413,0.5838,0.2128,0.056
175,0.0221,0.4259,0.4792,0.0597,0.013
176,0.0041,0.0457,0.3847,0.4217,0.1438
177,0.0316,0.3111,0.5083,0.1345,0.0145
178,0.0033,0.7723,0.2195,0.0048,0.0001
179,0.0031,0.2229,0.6849,0.0853,0.0038
180,0.0044,0.2382,0.6025,0.1469,0.008
181,0.0027,0.4064,0.5082,0.077,0.0058
182,0.006,0.7061,0.2826,0.0052,0.0001
183,0.0014,0.77,0.2189,0.0091,0.0006
184,0.0146,0.0193,0.4133,0.4377,0.115
185,0.0004,0.5184,0.4503,0.0295,0.0013
186,0.0228,0.5057,0.4243,0.0454,0.0019
187,0.0047,0.1701,0.745,0.0772,0.003
188,0.0072,0.3607,0.5062,0.1172,0.0088
189,0.0011,0.5688,0.4133,0.0163,0.0005
190,0.0046,0.144,0.6426,0.1763,0.0324
191,0.0017,0.7432,0.2493,0.0057,0.0001
192,0.023,0.1479,0.4522,0.2823,0.0946
193,0.0055,0.1477,0.545,0.2602,0.0415
194,0.0335,0.4566,0.4429,0.0649,0.0022
195,0.008,0.0849,0.6051,0.2585,0.0435
196,0.003,0.5861,0.3761,0.0334,0.0013
197,0.0015,0.7533,0.2363,0.0083,0.0006
198,0.0009,0.0084,0.2309,0.4432,0.3166
199,0.0015,0.405,0.525,0.0558,0.0128
200,0.0133,0.0189,0.3874,0.4688,0.1115
201,0.0026,0.0077,0.1109,0.2944,0.5844
202,0.0093,0.5496,0.4044,0.0351,0.0016
203,0.0002,0.7695,0.2234,0.0067,0.0002
204,0.0012,0.5731,0.4121,0.0129,0.0007
205,0.0014,0.3201,0.5842,0.0867,0.0075
206,0.0001,0.5795,0.3918,0.0264,0.0021
207,0.0025,0.5316,0.4385,0.0263,0.0011
208,0.0049,0.3514,0.5107,0.1155,0.0176
209,0.0134,0.4686,0.4061,0.1023,0.0096
210,0.0107,0.3028,0.5675,0.1068,0.0122
211,0.0034,0.2524,0.3947,0.2437,0.1059
212,0.0079,0.0157,0.24,0.5685,0.168
213,0.0062,0.6457,0.2688,0.0657,0.0137
214,0.0098,0.1223,0.5365,0.2697,0.0617
215,0.0117,0.2545,0.6252,0.1028,0.0058
216,0.0013,0.0155,0.2894,0.4031,0.2907
217,0.008,0.7438,0.2416,0.0065,0.0001
218,0.0065,0.7045,0.2775,0.0111,0.0003
219,0.0036,0.6407,0.3406,0.0139,0.0011
220,0.0062,0.014,0.2074,0.4526,0.3198
221,0.0044,0.8272,0.1529,0.015,0.0006
222,0.0098,0.2792,0.3651,0.2055,0.1403
223,0.0005,0.7363,0.2552,0.0077,0.0002
224,0.015,0.0666,0.211,0.2952,0.4122
225,0.0025,0.2967,0.6361,0.0587,0.0061
226,0.0045,0.1761,0.6277,0.1282,0.0635
227,0.0186,0.6681,0.2752,0.0334,0.0047
228,0.0101,0.9194,0.0692,0.0013,0
229,0.0011,0.8727,0.1191,0.007,0.0002
230,0.0128,0.1823,0.5455,0.2208,0.0386
231,0.0167,0.3218,0.5166,0.1358,0.0091
232,0.0315,0.7247,0.2191,0.0236,0.0011
233,0.0098,0.5837,0.3442,0.0522,0.0102
234,0.0052,0.0459,0.3498,0.4482,0.1507
235,0.0074,0.1539,0.5897,0.2115,0.0375
236,0.0061,0.3477,0.5587,0.0842,0.0032
237,0.0003,0.8094,0.1829,0.0073,0.0001
238,0.0018,0.4314,0.5029,0.0626,0.0012
239,0.0026,0.5253,0.4378,0.0312,0.0031
240,0.0068,0.1258,0.7027,0.1556,0.009
241,0.0149,0.526,0.4244,0.0317,0.0029
242,0.0129,0.5407,0.4347,0.0115,0.0001
243,0.0037,0.4586,0.4684,0.0625,0.0069
244,0.0121,0.7698,0.2063,0.0113,0.0005
245,0.0004,0.6139,0.3765,0.009,0.0001
246,0.0017,0.8478,0.1476,0.0028,0
247,0.0016,0.862,0.1336,0.0028,0
248,0.0033,0.5318,0.4035,0.0563,0.0051
249,0.0066,0.3938,0.4978,0.0915,0.0103
250,0.0135,0.5089,0.392,0.0814,0.0042
251,0.0129,0.6254,0.3442,0.0169,0.0005
252,0.0084,0.5796,0.3906,0.0206,0.0007
253,0.0028,0.6524,0.3098,0.0338,0.0013
254,0.005,0.1283,0.4264,0.334,0.1063
255,0.0038,0.4173,0.5011,0.0658,0.0121
256,0.0004,0.8017,0.1888,0.008,0.0011
257,0.0053,0.0489,0.3183,0.4559,0.1716
258,0.0007,0.5946,0.3756,0.0269,0.0023
259,0.005,0.7058,0.2674,0.0197,0.002
260,0.0041,0.0861,0.3441,0.3654,0.2004
261,0.0029,0.5976,0.3743,0.0245,0.0007
262,0.0029,0.3873,0.5643,0.0394,0.0062
263,0.0115,0.0868,0.5611,0.3152,0.0254
264,0.0131,0.0425,0.4338,0.3286,0.182
265,0.0038,0.3825,0.4051,0.1263,0.0823
266,0.0025,0.3163,0.4348,0.2061,0.0403
267,0.0149,0.4728,0.4936,0.0165,0.0021
268,0.0046,0.4367,0.5246,0.0307,0.0034
269,0.0011,0.6949,0.2907,0.0128,0.0005
270,0.0012,0.6188,0.3046,0.055,0.0205
271,0.0012,0.4248,0.5363,0.0357,0.0019
272,0.0005,0.7092,0.2556,0.0305,0.0042
273,0.0024,0.7355,0.2546,0.0075,0.0001
274,0.0038,0.0062,0.0747,0.4321,0.4833
275,0.0005,0.554,0.4145,0.0251,0.0059
276,0.015,0.7793,0.1993,0.0059,0.0005
277,0.0012,0.7213,0.2639,0.0133,0.0003
278,0.0006,0.8264,0.1632,0.0093,0.0005
279,0.0163,0.4627,0.4236,0.0897,0.0077
280,0.0229,0.4959,0.3836,0.0932,0.0044
281,0.0106,0.3957,0.5188,0.0708,0.0041
282,0.0261,0.2714,0.4289,0.1876,0.086
283,0.0007,0.7521,0.2395,0.0076,0.0001
284,0.0147,0.6316,0.3297,0.0226,0.0014
285,0.0133,0.3111,0.5921,0.0734,0.0101
286,0.01,0.7493,0.2351,0.0054,0.0001
287,0.0037,0.5608,0.4245,0.011,0.0001
288,0.001,0.0071,0.0852,0.3033,0.6034
289,0.0048,0.3525,0.5905,0.0459,0.0063
290,0.0072,0.1989,0.4873,0.2718,0.0348
291,0.0102,0.1155,0.394,0.4172,0.0632
292,0.0048,0.0121,0.2286,0.399,0.3555
293,0.0691,0.5022,0.3781,0.0479,0.0027
294,0.0041,0.3124,0.5765,0.0921,0.0148
295,0.6542,0.0034,0.1057,0.1937,0.043
296,0.0036,0.3352,0.5067,0.1313,0.0231
297,0.2531,0.2569,0.4204,0.0685,0.001
298,0.0213,0.4911,0.4117,0.0623,0.0136
299,0.01,0.2401,0.6655,0.0779,0.0065
300,0.0095,0.2802,0.5779,0.1144,0.018
301,0.027,0.2858,0.5003,0.1571,0.0298
302,0.4228,0.0434,0.1422,0.3319,0.0597
303,0.0214,0.2118,0.3864,0.3198,0.0606
304,0.027,0.0592,0.4583,0.3581,0.0974
305,0.0126,0.621,0.3291,0.0351,0.0021
306,0.0006,0.8554,0.1346,0.0083,0.0011
307,0.0008,0.7932,0.2027,0.0033,0
308,0.0047,0.8582,0.1329,0.004,0.0002
309,0.0023,0.5718,0.396,0.029,0.001
310,0.0376,0.2264,0.4919,0.2095,0.0346
311,0.0006,0.6961,0.2977,0.0056,0.0001
312,0.0157,0.525,0.4134,0.0422,0.0036
313,0.0526,0.5737,0.3535,0.0193,0.0008
314,0.0069,0.3086,0.5861,0.0892,0.009
315,0.0117,0.1654,0.7068,0.1063,0.0098
316,0.0239,0.5542,0.4092,0.0123,0.0003
317,0.0059,0.1833,0.6641,0.1304,0.0164
318,0.0023,0.8074,0.1784,0.0107,0.0013
319,0.0023,0.7622,0.1927,0.0355,0.0072
320,0.0291,0.1749,0.7085,0.0834,0.0041
321,0.0117,0.3294,0.5335,0.1136,0.0119
322,0.0104,0.432,0.4726,0.0807,0.0043
323,0.0011,0.6151,0.3615,0.0207,0.0016
324,0.0227,0.3324,0.5773,0.0633,0.0043
325,0.0013,0.5665,0.3864,0.0392,0.0066
326,0.0089,0.67,0.2732,0.0391,0.0088
327,0.0088,0.6881,0.2809,0.0215,0.0006
328,0.0054,0.6434,0.3181,0.0304,0.0028
329,0.0091,0.1856,0.7287,0.0715,0.0052
330,0.012,0.607,0.3565,0.0237,0.0007
331,0.0034,0.7156,0.2282,0.0462,0.0067
332,0.0076,0.5466,0.4006,0.0439,0.0012
333,0.0019,0.5976,0.374,0.0256,0.0008
334,0.0243,0.0333,0.1129,0.4039,0.4256
335,0.0011,0.7207,0.2648,0.0129,0.0005
336,0.0172,0.7335,0.2292,0.0186,0.0015
337,0.0061,0.601,0.3523,0.039,0.0017
338,0.0288,0.3676,0.4392,0.153,0.0114
339,0.0016,0.7625,0.228,0.0075,0.0003
340,0.0138,0.306,0.4864,0.1726,0.0212
341,0.0347,0.3954,0.4928,0.0729,0.0042
342,0.0236,0.7002,0.2711,0.0048,0.0004
343,0.0107,0.5543,0.369,0.0562,0.0098
344,0.003,0.4721,0.4881,0.0356,0.0012
345,0.0065,0.3275,0.5438,0.1071,0.0151
346,0.0223,0.2684,0.5796,0.1185,0.0113
347,0.0058,0.0024,0.0512,0.5052,0.4353
348,0.0009,0.791,0.1938,0.012,0.0023
349,0.0082,0.2787,0.6036,0.1035,0.006
350,0.0011,0.8041,0.1887,0.006,0.0001
351,0.0064,0.2244,0.5344,0.208,0.0268
352,0.0013,0.8063,0.1761,0.0148,0.0015
353,0.0078,0.5927,0.3766,0.0213,0.0016
354,0.0061,0.0035,0.0708,0.5312,0.3884
355,0.0049,0.3335,0.5321,0.1167,0.0128
356,0.0177,0.0648,0.4111,0.3708,0.1356
357,0.0221,0.4828,0.4713,0.0227,0.0012
358,0.0329,0.4709,0.4476,0.046,0.0026
359,0.0048,0.7386,0.2506,0.0059,0.0001
360,0.0051,0.8136,0.1751,0.0062,0.0001
361,0.0245,0.4237,0.522,0.0293,0.0005
362,0.0127,0.7835,0.187,0.0162,0.0007
363,0.0048,0.8278,0.1633,0.004,0.0001
364,0.0139,0.157,0.4666,0.3353,0.0271
365,0.0064,0.7093,0.2732,0.0107,0.0004
366,0.028,0.7169,0.227,0.0253,0.0028
367,0.0029,0.0085,0.0975,0.3304,0.5607
368,0.004,0.5053,0.4659,0.0242,0.0005
369,0.0153,0.4802,0.481,0.0232,0.0002
370,0.0019,0.4165,0.501,0.0709,0.0097
371,0.0046,0.4921,0.3731,0.1189,0.0112
372,0.0066,0.3586,0.5769,0.0544,0.0036
373,0.043,0.4822,0.4281,0.0438,0.0029
374,0.0207,0.3906,0.4984,0.0847,0.0056
375,0.0586,0.1583,0.3734,0.2946,0.1151
376,0.008,0.4372,0.43,0.1127,0.0122
377,0.026,0.5626,0.3739,0.0353,0.0022
378,0.0042,0.2008,0.532,0.244,0.019
379,0.0037,0.3416,0.545,0.1034,0.0064
380,0.0069,0.0622,0.4243,0.3775,0.129
381,0.0118,0.3155,0.6123,0.0576,0.0028
382,0.1121,0.1743,0.5903,0.118,0.0053
383,0.0003,0.4233,0.5448,0.0309,0.0007
384,0.0566,0.2939,0.4802,0.1516,0.0177
385,0.0002,0.5944,0.3919,0.0133,0.0002
386,0.0084,0.0395,0.3472,0.4293,0.1756
387,0.0069,0.0465,0.3643,0.4925,0.0898
388,0.0074,0.0322,0.4778,0.4192,0.0634
389,0.0098,0.1823,0.4452,0.3304,0.0324
390,0.0027,0.2942,0.5867,0.096,0.0205
391,0.0049,0.2662,0.3176,0.2833,0.128
392,0.0219,0.1463,0.5785,0.2276,0.0257
393,0.0026,0.3646,0.4533,0.1334,0.0462
394,0.001,0.8604,0.1316,0.0066,0.0004
395,0.0007,0.1055,0.238,0.2794,0.3764
396,0.0011,0.6578,0.3157,0.0236,0.0019
397,0.0007,0.6678,0.3007,0.0273,0.0035
398,0.001,0.9035,0.0909,0.0043,0.0003
399,0.0017,0.2032,0.3658,0.2835,0.1458
400,0.0013,0.5003,0.4332,0.0589,0.0064
401,0.0006,0.6987,0.2445,0.0526,0.0037
402,0.0007,0.7084,0.2658,0.0222,0.0029
403,0.0095,0.5176,0.4344,0.0358,0.0027
404,0.0019,0.7118,0.2387,0.0387,0.0089
405,0.0004,0.7466,0.2241,0.0253,0.0037
406,0.0077,0.5871,0.3673,0.0345,0.0035
407,0.0022,0.5994,0.3375,0.0505,0.0104
408,0.0011,0.0717,0.2734,0.4442,0.2096
409,0.0221,0.3307,0.5802,0.0643,0.0028
410,0.0006,0.845,0.1498,0.004,0.0006
411,0.0004,0.8679,0.118,0.0121,0.0017
412,0.0282,0.0231,0.1346,0.3061,0.508
413,0.001,0.7742,0.2164,0.0078,0.0006
414,0.002,0.4693,0.3872,0.1121,0.0293
415,0.0175,0.3058,0.3219,0.2433,0.1114
416,0.0021,0.4156,0.5304,0.0502,0.0018
417,0.0053,0.57,0.2512,0.1475,0.026
418,0.0002,0.8953,0.099,0.0051,0.0004
419,0.0172,0.0603,0.2639,0.5268,0.1317
420,0.0005,0.3541,0.4837,0.1354,0.0262
421,0.0017,0.6448,0.2791,0.057,0.0174
422,0.0036,0.5071,0.3716,0.0988,0.0189
423,0.0039,0.732,0.2383,0.0243,0.0014
424,0.0084,0.3428,0.5186,0.1093,0.0208
425,0.0395,0.499,0.4134,0.0476,0.0005
426,0.0007,0.4796,0.4192,0.0939,0.0066
427,0.009,0.494,0.4592,0.0325,0.0053
428,0.0073,0.7198,0.2559,0.0156,0.0014
429,0.0125,0.1214,0.399,0.3386,0.1286
430,0.0012,0.8297,0.1562,0.0109,0.0021
431,0.0003,0.7358,0.2458,0.0157,0.0025
432,0.0174,0.0493,0.4093,0.4312,0.0928
433,0.0259,0.0561,0.1572,0.1496,0.6112
434,0.0007,0.7655,0.2282,0.0055,0.0001
435,0.0037,0.2392,0.6734,0.079,0.0047
436,0.0293,0.3811,0.5053,0.0752,0.009
437,0.0083,0.007,0.1277,0.5556,0.3013
438,0.0088,0.59,0.3887,0.0121,0.0004
439,0.0014,0.4367,0.4155,0.095,0.0514
440,0.0444,0.5765,0.292,0.0798,0.0074
441,0.0058,0.3415,0.5644,0.0837,0.0046
442,0.0039,0.0541,0.4375,0.4267,0.0777
443,0.0059,0.7313,0.2471,0.0149,0.0009
444,0.0199,0.4331,0.4448,0.0951,0.0071
445,0.0004,0.8159,0.1799,0.0038,0.0001
446,0.0007,0.5427,0.4205,0.0314,0.0047
447,0.0555,0.0053,0.1938,0.6699,0.0754
448,0.0049,0.0136,0.3202,0.5083,0.153
449,0.0059,0.7228,0.236,0.0309,0.0044
450,0.0007,0.6539,0.3016,0.0336,0.0102
451,0.0004,0.8382,0.1477,0.0124,0.0012
452,0.0049,0.3665,0.4815,0.1201,0.0269
453,0.0048,0.5118,0.4411,0.0376,0.0047
454,0.0058,0.4056,0.4404,0.1198,0.0284
455,0.002,0.6002,0.3036,0.0717,0.0225
456,0.0006,0.6482,0.3257,0.0234,0.002
457,0.0437,0.7454,0.1954,0.0138,0.0018
458,0.0258,0.3868,0.4853,0.0927,0.0093
459,0.0005,0.7072,0.2818,0.0099,0.0006
460,0.0003,0.7643,0.2131,0.0194,0.0029
461,0.0039,0.3449,0.5341,0.0996,0.0175
462,0.0009,0.7843,0.2084,0.0063,0.0001
463,0.0112,0.6866,0.2821,0.0189,0.0012
464,0.0004,0.7565,0.2207,0.0203,0.002
465,0.0005,0.6698,0.2613,0.0482,0.0202
466,0.0025,0.6718,0.3042,0.0203,0.0012
467,0.0018,0.5808,0.3867,0.0286,0.002
468,0.0038,0.2768,0.6314,0.0827,0.0053
469,0.0015,0.9185,0.0776,0.0022,0.0001
470,0.0132,0.5514,0.3699,0.0617,0.0039
471,0.0027,0.0093,0.1041,0.3488,0.5351
472,0.0042,0.6107,0.3256,0.0577,0.0018
473,0.0042,0.7194,0.2218,0.0468,0.0078
474,0.0026,0.3674,0.5693,0.0582,0.0026
475,0.0046,0.5966,0.3528,0.0432,0.0028
476,0.0164,0.715,0.2626,0.0058,0.0002
477,0.0031,0.3745,0.5346,0.0756,0.0121
478,0.0202,0.6681,0.2886,0.0221,0.001
479,0.0185,0.3269,0.4188,0.2196,0.0161
480,0.009,0.0936,0.4914,0.3705,0.0354
481,0.0086,0.3069,0.4892,0.1705,0.0247
482,0.0202,0.4081,0.4971,0.068,0.0066
483,0.0005,0.5902,0.3992,0.01,0.0001
484,0.0022,0.001,0.0366,0.2885,0.6717
485,0.0063,0.5931,0.3813,0.0184,0.0008
486,0.0029,0.4961,0.4497,0.0457,0.0056
487,0.0143,0.6224,0.337,0.0251,0.0012
488,0.0388,0.3153,0.5795,0.0595,0.007
489,0.0084,0.5365,0.3951,0.0567,0.0033
490,0.0235,0.5558,0.3947,0.0256,0.0004
491,0.0023,0.5956,0.3813,0.0203,0.0006
492,0.0017,0.3904,0.5214,0.0743,0.0122
493,0.0128,0.2212,0.6305,0.1244,0.0111
494,0.0483,0.1635,0.3016,0.327,0.1596
495,0.0078,0.0912,0.6239,0.2366,0.0405
496,0.0091,0.4214,0.4428,0.121,0.0057
497,0.0071,0.6928,0.254,0.0424,0.0037
498,0.0019,0.7951,0.1723,0.0274,0.0033
499,0.0072,0.4835,0.453,0.0541,0.0023
500,0.0091,0.1507,0.6599,0.1616,0.0187
501,0.0034,0.6445,0.3377,0.0141,0.0005
502,0.027,0.0564,0.5979,0.2533,0.0653
503,0.1697,0.2678,0.5291,0.033,0.0004
504,0.0182,0.5781,0.3778,0.0247,0.0012
505,0.0133,0.4739,0.4528,0.0489,0.0111
506,0.0031,0.6713,0.2992,0.0248,0.0016
507,0.0173,0.6946,0.2722,0.0147,0.0011
508,0.0009,0.8165,0.1754,0.007,0.0002
509,0.0039,0.7021,0.2794,0.0139,0.0008
510,0.0026,0.6237,0.3576,0.0158,0.0003
511,0.0095,0.5743,0.3779,0.0369,0.0013
512,0.0147,0.1656,0.6459,0.1454,0.0284
513,0.0276,0.4439,0.4761,0.0489,0.0035
514,0.004,0.529,0.3982,0.0589,0.0099
515,0.0124,0.0596,0.2137,0.3592,0.3551
516,0.0036,0.493,0.4395,0.0621,0.0017
517,0.002,0.2111,0.7007,0.0834,0.0028
518,0.0051,0.7237,0.2562,0.0137,0.0013
519,0.0087,0.69,0.2892,0.0114,0.0006
520,0.0091,0.3175,0.5806,0.0857,0.0072
521,0.0184,0.3727,0.5368,0.0665,0.0057
522,0.0076,0.6449,0.3344,0.0127,0.0004
523,0.0044,0.4303,0.5347,0.0289,0.0017
524,0.0129,0.5821,0.3453,0.0537,0.006
525,0.1155,0.065,0.5514,0.2575,0.0107
526,0.0055,0.7121,0.2721,0.0097,0.0006
527,0.0135,0.5242,0.4058,0.0511,0.0054
528,0.0023,0.4875,0.4307,0.0761,0.0034
529,0.1583,0.0312,0.0915,0.2063,0.5128
530,0.0102,0.2387,0.5344,0.1778,0.0388
531,0.0086,0.0454,0.4543,0.406,0.0856
532,0.0006,0.5055,0.4623,0.0301,0.0015
533,0.0122,0.6903,0.283,0.0142,0.0004
534,0.0095,0.0428,0.3622,0.5314,0.054
535,0.017,0.5486,0.4026,0.0297,0.0021
536,0.0144,0.6062,0.3596,0.0193,0.0006
537,0.0043,0.7084,0.2695,0.0169,0.001
538,0.0095,0.4968,0.4273,0.0615,0.0049
539,0.0296,0.3115,0.6076,0.0503,0.0011
540,0.0014,0.4889,0.475,0.0298,0.0049
541,0.016,0.452,0.4193,0.0981,0.0146
542,0.0049,0.2654,0.4999,0.175,0.0549
543,0.0061,0.1463,0.4956,0.3054,0.0467
544,0.0153,0.4367,0.496,0.0488,0.0032
545,0.0035,0.5013,0.4478,0.0442,0.0031
546,0.0039,0.0489,0.2865,0.4322,0.2285
547,0.005,0.0375,0.2353,0.5734,0.1488
548,0.0123,0.7577,0.22,0.0091,0.0008
549,0.0059,0.029,0.1206,0.3478,0.4967
550,0.008,0.0035,0.0828,0.457,0.4486
551,0.0191,0.4208,0.5,0.0576,0.0026
552,0.0061,0.7008,0.2813,0.0115,0.0003
553,0.0133,0.147,0.5665,0.2521,0.0211
554,0.0158,0.0815,0.5363,0.306,0.0603
555,0.0133,0.4865,0.4119,0.0765,0.0117
556,0.0083,0.6087,0.3601,0.0222,0.0007
557,0.0049,0.7001,0.2627,0.0314,0.001
558,0.016,0.3303,0.5333,0.113,0.0075
559,0.0333,0.3094,0.3491,0.2136,0.0945
560,0.0039,0.7247,0.2562,0.0149,0.0003
561,0.0123,0.2665,0.6395,0.0727,0.0092
562,0.0082,0.4375,0.4804,0.0648,0.0092
563,0.0173,0.395,0.5162,0.0665,0.005
564,0.0068,0.7389,0.2458,0.0082,0.0002
565,0.0075,0.7643,0.2221,0.0059,0.0001
566,0.0021,0.9122,0.0847,0.001,0
567,0.0031,0.4663,0.4284,0.0712,0.031
568,0.0027,0.6612,0.3229,0.0127,0.0005
569,0.0051,0.816,0.1713,0.0075,0.0002
570,0.0045,0.7064,0.2726,0.0161,0.0004
571,0.0146,0.6517,0.2993,0.0334,0.0009
572,0.0028,0.4799,0.4044,0.0931,0.0197
573,0.0165,0.5877,0.3717,0.0217,0.0024
574,0.0041,0.3954,0.4599,0.1152,0.0255
575,0.0242,0.4704,0.4417,0.0589,0.0048
576,0.0043,0.4158,0.5183,0.0581,0.0036
577,0.0062,0.7603,0.2235,0.0097,0.0003
578,0.0018,0.434,0.4751,0.0828,0.0064
579,0.007,0.12,0.3239,0.3669,0.1822
580,0.0061,0.1689,0.504,0.2772,0.0438
581,0.0312,0.3133,0.4232,0.1866,0.0457
582,0.0242,0.352,0.4338,0.1339,0.0561
583,0.0137,0.3857,0.5289,0.0685,0.0033
584,0.0193,0.3584,0.4806,0.1248,0.017
585,0.0313,0.0451,0.2907,0.5227,0.1102
586,0.0128,0.5146,0.411,0.0587,0.0029
587,0.0003,0.3934,0.5846,0.0209,0.0007
588,0.0152,0.5735,0.3854,0.0253,0.0007
589,0.0059,0.6781,0.2936,0.0207,0.0017
590,0.0002,0.006,0.1336,0.3397,0.5206
591,0.0015,0.3838,0.4472,0.1352,0.0324
592,0.0217,0.167,0.5269,0.2082,0.0762
593,0.0029,0.3154,0.6,0.0707,0.011
594,0.0246,0.2713,0.4823,0.1945,0.0274
595,0.0296,0.7013,0.2398,0.0218,0.0075
596,0.006,0.3997,0.4299,0.1335,0.0309
597,0.0179,0.7339,0.2361,0.0115,0.0006
598,0.0078,0.0032,0.0858,0.3877,0.5155
599,0.0299,0.2094,0.3111,0.3534,0.096
600,0.0223,0.6271,0.2991,0.0483,0.0031
601,0.0291,0.4982,0.3845,0.0783,0.0098
602,0.0011,0.5426,0.4094,0.0377,0.0093
603,0.0131,0.2378,0.5666,0.1513,0.0312
604,0.0138,0.6262,0.3422,0.0174,0.0004
605,0.0515,0.1429,0.7268,0.0757,0.0031
606,0.0613,0.1665,0.3374,0.3488,0.086
607,0.0728,0.4765,0.385,0.0618,0.0039
608,0.0011,0.5922,0.3848,0.0207,0.0012
609,0.003,0.5977,0.3534,0.0413,0.0046
610,0.0662,0.3738,0.4815,0.0751,0.0035
611,0.0028,0.7159,0.2369,0.0419,0.0025
612,0.0065,0.633,0.3326,0.0267,0.0011
613,0.0265,0.1562,0.5996,0.1944,0.0233
614,0.0055,0.2379,0.6367,0.1007,0.0191
615,0.0124,0.5622,0.4064,0.0187,0.0003
616,0.0062,0.2918,0.5295,0.1506,0.0218
617,0.0192,0.4549,0.3173,0.1434,0.0652
618,0.0206,0.5075,0.4443,0.0268,0.0008
619,0.0108,0.2763,0.4351,0.2528,0.025
620,0.0072,0.0683,0.3318,0.4409,0.1518
621,0.0079,0.5705,0.403,0.0182,0.0004
622,0.0062,0.5173,0.4483,0.0269,0.0014
623,0.0075,0.4086,0.5211,0.0594,0.0034
624,0.0505,0.4279,0.4419,0.0774,0.0023
625,0.0026,0.6881,0.2932,0.0155,0.0005
626,0.0046,0.5069,0.4524,0.034,0.0021
627,0.0031,0.4288,0.3942,0.1263,0.0476
628,0.0014,0.7754,0.2106,0.0121,0.0004
629,0.0035,0.6955,0.2856,0.0146,0.0008
630,0.0142,0.644,0.2964,0.0406,0.0048
631,0.0138,0.2351,0.6415,0.1061,0.0036
632,0.0062,0.7092,0.2717,0.0125,0.0005
633,0.0022,0.2884,0.5877,0.1011,0.0206
634,0.0099,0.4062,0.5313,0.0504,0.0021
635,0.0104,0.424,0.5042,0.0598,0.0015
636,0.0069,0.7027,0.2714,0.0186,0.0004
637,0.0317,0.7324,0.2039,0.0302,0.0018
638,0.0387,0.5019,0.3936,0.0623,0.0035
639,0.0043,0.5793,0.3496,0.063,0.0038
640,0.0062,0.4518,0.5008,0.038,0.0031
641,0.0104,0.4037,0.5107,0.0666,0.0086
642,0.0081,0.509,0.4508,0.0307,0.0014
643,0.0026,0.5436,0.4285,0.0245,0.0008
644,0.0054,0.7445,0.2378,0.0117,0.0006
645,0.0234,0.5961,0.3671,0.013,0.0003
646,0.0071,0.0144,0.1927,0.4676,0.3182
647,0.0059,0.8397,0.1482,0.006,0.0002
648,0.013,0.4955,0.4518,0.0382,0.0015
649,0.0084,0.5429,0.4184,0.029,0.0014
650,0.0055,0.0833,0.5755,0.2981,0.0377
651,0.0052,0.7165,0.2578,0.0198,0.0007
652,0.0237,0.5501,0.3707,0.0531,0.0024
653,0.0077,0.6085,0.3008,0.0716,0.0114
654,0.0056,0.5229,0.4346,0.0362,0.0007
655,0.0073,0.1139,0.647,0.1889,0.0429
656,0.009,0.0326,0.3222,0.4271,0.2091
657,0.011,0.7508,0.2256,0.0121,0.0005
658,0.0176,0.646,0.299,0.0351,0.0023
659,0.0102,0.7592,0.2044,0.0229,0.0033
660,0.0028,0.6645,0.3209,0.0115,0.0002
661,0.01,0.4038,0.5205,0.0562,0.0094
662,0.0107,0.3401,0.5697,0.0749,0.0047
663,0.004,0.5949,0.3585,0.0384,0.0043
664,0.002,0.8177,0.177,0.0032,0
665,0.0064,0.434,0.5158,0.0421,0.0017
666,0.0108,0.799,0.1767,0.0131,0.0003
667,0.0089,0.7184,0.2627,0.0098,0.0002
668,0.0025,0.4442,0.5236,0.0253,0.0044
669,0.0031,0.3291,0.5896,0.0713,0.007
670,0.0044,0.7039,0.2805,0.011,0.0003
671,0.0071,0.5751,0.3927,0.0223,0.0027
672,0.0075,0.3972,0.4662,0.1214,0.0077
673,0.0015,0.3852,0.578,0.0326,0.0028
674,0.0041,0.7226,0.2463,0.0236,0.0034
675,0.0041,0.0101,0.1991,0.4493,0.3374
676,0.0043,0.624,0.3642,0.0073,0.0001
677,0.0091,0.5575,0.4116,0.021,0.0008
678,0.0154,0.2293,0.5577,0.1729,0.0247
679,0.3331,0.1068,0.4349,0.1186,0.0066
680,0.0039,0.3243,0.5803,0.0868,0.0046
681,0.075,0.0993,0.6655,0.1576,0.0025
682,0.0006,0.5895,0.3609,0.0392,0.0098
683,0.0044,0.4395,0.4304,0.1103,0.0154
684,0.0195,0.5073,0.4322,0.0392,0.0019
685,0.0023,0.4907,0.4737,0.0324,0.0009
686,0.0027,0.3049,0.597,0.083,0.0124
687,0.0008,0.7825,0.2076,0.0088,0.0002
688,0.0136,0.3169,0.5335,0.127,0.009
689,0.0115,0.3434,0.5885,0.0547,0.0019
690,0.003,0.8241,0.1659,0.0068,0.0003
691,0.0091,0.4794,0.4821,0.028,0.0014
692,0.1378,0.2981,0.5389,0.0248,0.0004
693,0.0251,0.6149,0.3237,0.0349,0.0013
694,0.0094,0.0842,0.3331,0.2545,0.3187
695,0.003,0.337,0.6095,0.0483,0.0021
696,0.005,0.7863,0.1979,0.0102,0.0006
697,0.0171,0.0106,0.1091,0.4464,0.4168
698,0.0055,0.6045,0.3523,0.0343,0.0035
699,0.0035,0.1919,0.6439,0.149,0.0116
700,0.013,0.3826,0.4876,0.1054,0.0114
701,0.0325,0.251,0.6362,0.0792,0.001
702,0.032,0.4706,0.4772,0.0196,0.0005
703,0.0007,0.4808,0.474,0.0389,0.0055
704,0.0097,0.4105,0.5463,0.0318,0.0016
705,0.0072,0.6359,0.3196,0.0341,0.0031
706,0.0149,0.2785,0.6036,0.0734,0.0297
707,0.0092,0.61,0.3203,0.0541,0.0064
708,0.0049,0.6532,0.2956,0.0433,0.003
709,0.0701,0.0483,0.4425,0.3346,0.1045
710,0.0118,0.3829,0.3681,0.2097,0.0275
711,0.0065,0.6788,0.3009,0.0135,0.0004
712,0.0221,0.4834,0.4266,0.0637,0.0043
713,0.0041,0.2159,0.2606,0.284,0.2354
714,0.0035,0.2479,0.616,0.119,0.0135
715,0.0064,0.7518,0.2307,0.0107,0.0004
716,0.0043,0.6646,0.2999,0.0287,0.0025
717,0.0058,0.0631,0.2253,0.5323,0.1734
718,0.0031,0.4941,0.4635,0.0372,0.0021
719,0.0039,0.478,0.4864,0.0308,0.0009
720,0.0119,0.358,0.5654,0.0622,0.0024
721,0.0004,0.7096,0.2831,0.0068,0.0001
722,0.0014,0.7062,0.2853,0.0068,0.0003
723,0.0152,0.5784,0.3724,0.0315,0.0025
724,0.0107,0.2368,0.3781,0.2611,0.1133
725,0.0006,0.7128,0.281,0.0054,0.0001
726,0.0303,0.1699,0.3453,0.2932,0.1613
727,0.004,0.1527,0.7194,0.1118,0.0121
728,0.0037,0.5061,0.442,0.0422,0.0059
729,0.0116,0.5073,0.441,0.0388,0.0014
730,0.0055,0.7086,0.2621,0.0214,0.0023
731,0.0149,0.3323,0.506,0.1186,0.0283
732,0.003,0.6526,0.3264,0.0168,0.0012
733,0.0012,0.0004,0.0068,0.1334,0.8582
734,0.0043,0.2842,0.5933,0.0895,0.0288
735,0.0089,0.1836,0.4759,0.2573,0.0742
736,0.0134,0.2815,0.5376,0.1409,0.0266
737,0.014,0.3641,0.5538,0.0652,0.0028
738,0.0224,0.1227,0.5743,0.2474,0.0332
739,0.0132,0.3713,0.4897,0.096,0.0298
740,0.0031,0.1239,0.6537,0.1881,0.0311
741,0.0027,0.1623,0.6175,0.178,0.0394
742,0.0052,0.032,0.3205,0.5693,0.0729
743,0.0003,0.4031,0.556,0.0389,0.0017
744,0.0023,0.4814,0.4467,0.0624,0.0071
745,0.0275,0.2533,0.5218,0.191,0.0064
746,0.0075,0.7297,0.2467,0.0155,0.0006
747,0.0082,0.6424,0.3082,0.0391,0.0022
748,0.0012,0.4299,0.525,0.0404,0.0035
749,0.0003,0.8464,0.1512,0.0021,0
750,0.0008,0.7993,0.1954,0.0044,0.0001
751,0.0046,0.749,0.2191,0.0242,0.0031
752,0.0112,0.6482,0.2883,0.0485,0.0038
753,0.0032,0.7125,0.2699,0.014,0.0004
754,0.0053,0.1352,0.4045,0.383,0.072
755,0.0021,0.453,0.4394,0.0946,0.0108
756,0.0013,0.387,0.5686,0.0411,0.002
757,0.013,0.5198,0.4347,0.0314,0.0011
758,0.0014,0.3777,0.5383,0.0707,0.0118
759,0.0014,0.0029,0.0423,0.529,0.4245
760,0.0059,0.6809,0.2929,0.0197,0.0005
761,0.0085,0.2183,0.6408,0.1254,0.007
762,0.0006,0.7739,0.2175,0.0073,0.0007
763,0.0001,0.7744,0.2181,0.0069,0.0004
764,0.0123,0.0911,0.6362,0.2076,0.0528
765,0.0208,0.1028,0.2891,0.3397,0.2477
766,0.0004,0.7164,0.2583,0.0232,0.0016
767,0.0001,0.3993,0.5655,0.0328,0.0023
768,0.0009,0.8343,0.1609,0.0038,0.0001
769,0.0046,0.0032,0.1605,0.7325,0.0993
770,0.0028,0.6651,0.2994,0.0288,0.0038
771,0.0119,0.1736,0.5924,0.1859,0.0361
772,0.0108,0.3506,0.4596,0.174,0.0051
773,0.0015,0.6024,0.3754,0.0186,0.002
774,0.0005,0.5149,0.4417,0.0393,0.0037
775,0.005,0.8241,0.1658,0.0051,0.0001
776,0.0056,0.413,0.5175,0.0605,0.0035
777,0.002,0.3569,0.5833,0.0543,0.0036
778,0.0006,0.6989,0.2874,0.0118,0.0013
779,0.041,0.0307,0.1418,0.7013,0.0852
780,0.0023,0.4746,0.4818,0.0393,0.002
781,0.0029,0.4718,0.4471,0.0606,0.0176
782,0.0031,0.0683,0.3181,0.4538,0.1567
783,0.0119,0.3027,0.6086,0.0745,0.0024
784,0.0029,0.7648,0.2267,0.0052,0.0003
785,0.004,0.485,0.4169,0.0766,0.0175
786,0.0034,0.0578,0.5245,0.3406,0.0737
787,0.0035,0.0592,0.4491,0.3219,0.1663
788,0.0026,0.0063,0.0631,0.3121,0.6159
789,0.0009,0.8011,0.1915,0.0064,0.0001
790,0.0012,0.701,0.2787,0.0171,0.0019
791,0.9192,0.0776,0.0031,0.0001,0
792,0.0037,0.6259,0.3651,0.0053,0
793,0.014,0.391,0.5281,0.0646,0.0024
794,0.0397,0.0787,0.2993,0.4975,0.0847
795,0.0041,0.189,0.6056,0.1907,0.0105
796,0.005,0.0047,0.205,0.4945,0.2908
797,0.0003,0.7116,0.2519,0.029,0.0071
798,0.0019,0.0205,0.2215,0.2964,0.4596
799,0.0023,0.0175,0.1022,0.2711,0.6068
800,0.001,0.189,0.6049,0.1642,0.0409
801,0.0072,0.5946,0.3614,0.0356,0.0012
802,0.0016,0.6894,0.2947,0.0133,0.001
803,0.1053,0.032,0.5346,0.3107,0.0174
804,0.0298,0.4879,0.3785,0.0957,0.0081
805,0.0004,0.7673,0.2109,0.0192,0.0022
806,0.001,0.2956,0.6408,0.0577,0.0048
807,0.0035,0.0367,0.3757,0.498,0.0861
808,0.0044,0.0323,0.2163,0.3269,0.4201
809,0.0023,0.4439,0.5153,0.0367,0.0017
810,0.0048,0.2107,0.6793,0.0943,0.011
811,0.0006,0.5559,0.4086,0.0311,0.0038
812,0.0082,0.6433,0.3218,0.0262,0.0005
813,0.0254,0.1408,0.5002,0.2307,0.1029
814,0.0279,0.004,0.135,0.5596,0.2735
815,0.004,0.3134,0.5724,0.1072,0.003
816,0.0132,0.0056,0.0745,0.3667,0.5401
817,0.0059,0.3211,0.592,0.077,0.004
818,0.0028,0.2922,0.5699,0.1213,0.0139
819,0.0048,0.0804,0.4157,0.3642,0.1349
820,0.0058,0.7408,0.2432,0.01,0.0002
821,0.0132,0.3922,0.5408,0.0494,0.0044
822,0.0011,0.5788,0.3918,0.0262,0.0021
823,0.0124,0.0472,0.1435,0.4689,0.328
824,0.0307,0.2296,0.4432,0.2613,0.0352
825,0.01,0.3883,0.4485,0.1268,0.0264
826,0.0015,0.6039,0.3795,0.0147,0.0005
827,0.0137,0.0226,0.1604,0.3929,0.4104
828,0.0421,0.3745,0.512,0.0693,0.0021
829,0.094,0.222,0.5858,0.0936,0.0046
830,0.0005,0.606,0.3754,0.0179,0.0001
831,0.0016,0.4304,0.5306,0.0327,0.0046
832,0.0994,0.7059,0.1869,0.0078,0
833,0.0051,0.1156,0.6632,0.187,0.029
834,0.003,0.0027,0.048,0.2874,0.6588
835,0.0023,0.4978,0.4845,0.0152,0.0002
836,0.0019,0.8916,0.1044,0.0021,0
837,0.0033,0.7191,0.2676,0.0086,0.0014
838,0.0102,0.3924,0.5081,0.0814,0.0079
839,0.0002,0.5376,0.4261,0.0331,0.003
840,0.0008,0.7082,0.2855,0.0051,0.0004
841,0.0042,0.7072,0.2759,0.0124,0.0003
842,0.0064,0.7065,0.2614,0.024,0.0017
843,0.0053,0.1984,0.6321,0.128,0.0362
844,0.0021,0.4041,0.4232,0.1579,0.0127
845,0.0007,0.844,0.1456,0.0083,0.0014
846,0.0354,0.3489,0.5442,0.0675,0.0041
847,0.0572,0.024,0.3793,0.5126,0.0269
848,0.0065,0.0457,0.2503,0.4597,0.2377
849,0.0032,0.6041,0.3606,0.031,0.0012
850,0.0146,0.2574,0.6161,0.1036,0.0083
851,0.0043,0.4547,0.5102,0.0282,0.0026
852,0.011,0.4842,0.4806,0.0238,0.0005
853,0.002,0.6102,0.3461,0.0381,0.0037
854,0.0029,0.7335,0.2566,0.0069,0
855,0.0225,0.4221,0.5017,0.0505,0.0032
856,0.003,0.0972,0.541,0.3296,0.0291
857,0.0023,0.3186,0.6009,0.0751,0.0031
858,0.0113,0.3788,0.536,0.0642,0.0098
859,0.074,0.0359,0.2848,0.5452,0.0601
860,0.0087,0.5716,0.4024,0.0166,0.0007
861,0.0029,0.5684,0.3939,0.0332,0.0017
862,0.0004,0.4564,0.5133,0.0267,0.0032
863,0.0039,0.781,0.2084,0.0067,0.0001
864,0.0034,0.8479,0.1402,0.008,0.0004
865,0.004,0.4174,0.4372,0.1128,0.0286
866,0.0096,0.6653,0.3016,0.0228,0.0007
867,0.0024,0.73,0.2612,0.0063,0.0001
868,0.0007,0.8661,0.1265,0.006,0.0007
869,0.0049,0.0071,0.1174,0.4261,0.4445
870,0.0443,0.1622,0.5362,0.2168,0.0404
871,0.0178,0.5521,0.3874,0.0412,0.0014
872,0.0008,0.0038,0.0532,0.2074,0.7348
873,0.004,0.6335,0.34,0.0223,0.0003
874,0.0012,0.4499,0.4848,0.0605,0.0035
875,0.0032,0.5483,0.401,0.0444,0.0032
876,0.0111,0.3279,0.4669,0.1836,0.0105
877,0.0006,0.6892,0.2957,0.0122,0.0023
878,0.0068,0.4815,0.4454,0.0624,0.0038
879,0.6699,0.0259,0.1792,0.1207,0.0043
880,0.0038,0.4606,0.3955,0.1135,0.0267
881,0.001,0.4464,0.5134,0.0374,0.0019
882,0.0049,0.1448,0.4935,0.2391,0.1177
883,0.006,0.4255,0.5349,0.0315,0.0021
884,0.0077,0.293,0.4967,0.1736,0.0289
885,0.0053,0.1446,0.5144,0.2796,0.0561
886,0.0022,0.4147,0.5347,0.0469,0.0015
887,0.0022,0.2672,0.6045,0.1133,0.0129
888,0.0029,0.1417,0.5491,0.2701,0.0362
889,0.0008,0.4844,0.4191,0.0649,0.0308
890,0.003,0.6486,0.3273,0.0195,0.0016
891,0.0029,0.7951,0.1976,0.0042,0.0002
892,0.0085,0.3447,0.5234,0.1135,0.01
893,0.009,0.414,0.4645,0.1038,0.0086
894,0.0008,0.5033,0.4688,0.0261,0.001
895,0.0028,0.0788,0.3816,0.3237,0.2131
896,0.0011,0.4412,0.5337,0.0233,0.0007
897,0.0087,0.0547,0.5402,0.3432,0.0532
898,0.004,0.5846,0.3912,0.0198,0.0004
899,0.0129,0.3157,0.6098,0.0576,0.004
900,0.0009,0.7798,0.2046,0.0144,0.0004
901,0.0134,0.4914,0.4232,0.0637,0.0083
902,0.0152,0.4061,0.5378,0.0397,0.0012
903,0.0004,0.3732,0.4962,0.1117,0.0185
904,0.0106,0.517,0.4155,0.0477,0.0091
905,0.009,0.6359,0.3349,0.0198,0.0003
906,0.0074,0.3234,0.5695,0.0967,0.0031
907,0.0069,0.5529,0.3873,0.0454,0.0075
908,0.0074,0.1914,0.5474,0.2296,0.0242
909,0.0239,0.3309,0.4599,0.152,0.0334
910,0.0182,0.1065,0.2869,0.3854,0.203
911,0.0014,0.7044,0.2757,0.0172,0.0013
912,0.0033,0.5044,0.4636,0.0238,0.0049
913,0.0001,0.0004,0.0298,0.4526,0.517
914,0.0689,0.2469,0.3402,0.2642,0.0797
915,0.0063,0.6796,0.3001,0.0134,0.0006
916,0.0032,0.2835,0.6159,0.091,0.0065
917,0.0011,0.7185,0.2727,0.0076,0.0001
918,0.0002,0.6025,0.3843,0.0124,0.0006
919,0.0141,0.3399,0.4501,0.1659,0.03
920,0.0129,0.4442,0.4926,0.0476,0.0027
921,0.0321,0.2485,0.4125,0.1762,0.1307
922,0.0029,0.2329,0.4751,0.2242,0.0649
923,0.0032,0.8245,0.1622,0.0098,0.0003
924,0.0079,0.6385,0.3292,0.0236,0.0007
925,0.0023,0.3481,0.383,0.212,0.0546
926,0.0213,0.526,0.3688,0.0698,0.0141
927,0.0022,0.2795,0.5947,0.1091,0.0145
928,0.0027,0.2667,0.5286,0.1685,0.0335
929,0.0166,0.1725,0.6617,0.1402,0.009
930,0.0144,0.0496,0.4277,0.3413,0.167
931,0.0056,0.2191,0.4326,0.1758,0.1668
932,0.0356,0.5026,0.3237,0.1291,0.009
933,0.0099,0.2717,0.5481,0.1437,0.0266
934,0.0058,0.62,0.3408,0.0314,0.0021
935,0.0009,0.0068,0.1017,0.4577,0.4329
936,0.0026,0.1977,0.4605,0.2713,0.0679
937,0.0113,0.0606,0.3998,0.3742,0.1542
938,0.0073,0.2254,0.6522,0.0946,0.0205
939,0.0091,0.7174,0.2509,0.0197,0.0029
940,0.0004,0.6078,0.3749,0.0165,0.0005
941,0.0019,0.2413,0.5836,0.1407,0.0326
942,0.0027,0.3369,0.4648,0.1819,0.0137
943,0.0082,0.4429,0.4459,0.0717,0.0313
944,0.0033,0.5192,0.4236,0.0517,0.0022
945,0.0059,0.0664,0.5155,0.3596,0.0527
946,0.0067,0.5025,0.4392,0.0476,0.0041
947,0.0301,0.5621,0.329,0.0749,0.004
948,0.0002,0.9681,0.0313,0.0004,0
949,0.0011,0.9413,0.0572,0.0004,0
950,0.0173,0.1444,0.3997,0.366,0.0726
951,0.0027,0.5833,0.3883,0.024,0.0018
952,0.0025,0.523,0.4461,0.0241,0.0043
953,0.002,0.6095,0.3705,0.0173,0.0007
954,0.0045,0.0133,0.188,0.4134,0.3808
955,0.1274,0.5624,0.2954,0.0146,0.0001
956,0.0037,0.4685,0.4103,0.1068,0.0107
957,0.0032,0.5566,0.4173,0.0221,0.0008
958,0.0139,0.379,0.5264,0.0771,0.0036
959,0.0126,0.1541,0.5319,0.1886,0.1128
960,0.021,0.3768,0.5288,0.0661,0.0074
961,0.0077,0.4339,0.4173,0.1261,0.0151
962,0.004,0.1868,0.6473,0.1464,0.0155
963,0.0026,0.6106,0.3675,0.0184,0.0009
964,0.0514,0.2393,0.5596,0.1413,0.0083
965,0.0055,0.5877,0.3879,0.0184,0.0006
966,0.0037,0.3442,0.5662,0.0735,0.0125
967,0.0008,0.7147,0.2719,0.0125,0.0001
968,0.0278,0.6262,0.3136,0.0313,0.001
969,0.0009,0.3755,0.4894,0.119,0.0151
970,0.0035,0.5509,0.4223,0.0226,0.0006
971,0.0008,0.2833,0.6425,0.0689,0.0046
972,0.0008,0.772,0.2162,0.0107,0.0003
973,0.0085,0.2389,0.5204,0.188,0.0442
974,0.0004,0.8461,0.1458,0.0074,0.0002
975,0.0007,0.5278,0.4367,0.0335,0.0014
976,0.0016,0.0015,0.0188,0.1122,0.866
977,0.0115,0.1348,0.5953,0.2267,0.0316
978,0.0019,0.3797,0.5766,0.0401,0.0017
979,0.0015,0.5206,0.4223,0.0439,0.0117
980,0.0029,0.2593,0.6132,0.0963,0.0283
981,0.008,0.7811,0.2044,0.0064,0.0002
982,0.004,0.5211,0.4215,0.0515,0.002
983,0.0042,0.1494,0.6057,0.2065,0.0342
984,0.0888,0.0895,0.3391,0.3886,0.094
985,0.0016,0.7482,0.2446,0.0055,0.0001
986,0.0113,0.7319,0.2371,0.0192,0.0006
987,0.0033,0.7441,0.2094,0.0307,0.0124
988,0.0023,0.2362,0.5778,0.1481,0.0355
989,0.0044,0.6637,0.3146,0.0163,0.001
990,0.0008,0.9177,0.0744,0.0054,0.0017
991,0.0083,0.0218,0.1945,0.609,0.1663
992,0.0069,0.2902,0.5214,0.1626,0.0189
993,0.0026,0.746,0.2391,0.0114,0.0008
994,0.0055,0.3252,0.5266,0.1073,0.0355
995,0.002,0.1971,0.6377,0.1243,0.0389
996,0.0011,0.511,0.4512,0.0335,0.0031
997,0.0121,0.4737,0.3808,0.0999,0.0335
998,0.0069,0.7933,0.1952,0.0044,0.0001
999,0.01,0.0948,0.618,0.2472,0.0299
1000,0.0013,0.6179,0.368,0.0127,0.0002
1001,0.0043,0.2307,0.5289,0.1798,0.0563
1002,0.0021,0.7131,0.2724,0.0117,0.0007
1003,0.0092,0.021,0.264,0.5375,0.1682
1004,0.006,0.0137,0.1328,0.591,0.2564
1005,0.0065,0.4722,0.3658,0.1455,0.01
1006,0.0018,0.0008,0.023,0.3709,0.6036
1007,0.0016,0.002,0.0304,0.51,0.4561
1008,0.0054,0.0037,0.1421,0.632,0.2169
1009,0.0015,0.0022,0.0412,0.491,0.4641
1010,0.0009,0.002,0.0342,0.3152,0.6478
1011,0.0027,0.008,0.0869,0.5451,0.3573
1012,0.0192,0.048,0.3601,0.4891,0.0836
1013,0.0202,0.0056,0.167,0.5974,0.2098
1014,0.0053,0.0012,0.0176,0.3444,0.6314
1015,0.0121,0.2111,0.65,0.1201,0.0067
1016,0.0027,0.4165,0.4922,0.0828,0.0058
1017,0.0035,0.0039,0.11,0.5707,0.3118
1018,0.0003,0.0005,0.0103,0.288,0.701
1019,0.001,0.0005,0.0244,0.3664,0.6077
1020,0.0044,0.6433,0.305,0.0446,0.0027
1021,0.0032,0.0056,0.0807,0.4838,0.4267
1022,0.0054,0.1452,0.5349,0.296,0.0185
1023,0.021,0.0161,0.1728,0.489,0.3011
1024,0.0013,0.0039,0.0742,0.5334,0.3872
1025,0.0251,0.0307,0.2496,0.5276,0.167
1026,0.0102,0.0231,0.2293,0.5848,0.1526
1027,0.0066,0.0363,0.2421,0.4629,0.2521
1028,0.0652,0.0134,0.221,0.6087,0.0916
1029,0.0023,0.0011,0.0577,0.5515,0.3873
1030,0.0025,0.0248,0.3177,0.5959,0.0591
1031,0.0175,0.0335,0.2566,0.537,0.1554
1032,0.0316,0.2453,0.3316,0.3486,0.0429
1033,0.0051,0.002,0.074,0.5389,0.38
1034,0.0066,0.1539,0.4979,0.3238,0.0179
1035,0.0034,0.0007,0.0125,0.2762,0.7072
1036,0.0112,0.0194,0.0587,0.4245,0.4863
1037,0.0033,0.0003,0.0171,0.2047,0.7746
1038,0.0032,0.001,0.0141,0.2457,0.736
1039,0.005,0.0389,0.3612,0.5395,0.0554
1040,0.0089,0.0116,0.1853,0.6131,0.1811
